SNP	beta	se	pval	effect_allele	other_allele	eaf	chr_name	chrom_start	F_stat	id.exposure	exposure	gcst
rs10240723	-0.241981	0.0147294	1.19812e-60	T	C	0.381729	7	97981884	269.893497765411	ebi-met1400-GCST90200661	X-25422 levels	GCST90200661
rs12113507	-0.247456	0.0152912	6.66317e-59	G	A	0.310035	7	97981493	261.886336059192	ebi-met1400-GCST90200661	X-25422 levels	GCST90200661
rs58685806	-0.249736	0.0155154	2.72103e-58	C	G	0.304893	7	97982953	259.081468300821	ebi-met1400-GCST90200661	X-25422 levels	GCST90200661
rs56141833	-0.249553	0.01551	3.00776e-58	T	C	0.304965	7	97982141	258.882083142633	ebi-met1400-GCST90200661	X-25422 levels	GCST90200661
rs56115498	-0.249553	0.01551	3.00776e-58	A	C	0.304965	7	97982143	258.882083142633	ebi-met1400-GCST90200661	X-25422 levels	GCST90200661
rs57159734	-0.24962	0.0155153	3.06309e-58	G	A	0.304917	7	97983083	258.844179034548	ebi-met1400-GCST90200661	X-25422 levels	GCST90200661
rs12113515	-0.249321	0.0155011	3.29873e-58	G	A	0.305161	7	97981505	258.697769548529	ebi-met1400-GCST90200661	X-25422 levels	GCST90200661
rs17169233	-0.249463	0.0155106	3.3354e-58	A	G	0.304941	7	97982712	258.6753738871	ebi-met1400-GCST90200661	X-25422 levels	GCST90200661
rs139075111	-0.249463	0.0155106	3.3354e-58	A	G	0.304941	7	97983498	258.6753738871	ebi-met1400-GCST90200661	X-25422 levels	GCST90200661
rs12112314	-0.249293	0.0155015	3.4194e-58	A	G	0.305137	7	97981410	258.626319014596	ebi-met1400-GCST90200661	X-25422 levels	GCST90200661
rs17169231	-0.249459	0.0155127	3.46691e-58	G	A	0.304993	7	97982547	258.597050211087	ebi-met1400-GCST90200661	X-25422 levels	GCST90200661
rs55665892	-0.249398	0.0155112	3.60673e-58	G	A	0.305003	7	97982729	258.520589496375	ebi-met1400-GCST90200661	X-25422 levels	GCST90200661
rs62476919	-0.249398	0.0155112	3.60673e-58	T	C	0.305003	7	97983740	258.520589496375	ebi-met1400-GCST90200661	X-25422 levels	GCST90200661
rs56111262	-0.249388	0.0155119	3.68946e-58	A	G	0.304955	7	97982625	258.476528407115	ebi-met1400-GCST90200661	X-25422 levels	GCST90200661
rs10953237	-0.248993	0.0155061	5.04825e-58	T	C	0.30499	7	97981277	257.851175014204	ebi-met1400-GCST90200661	X-25422 levels	GCST90200661
rs55755731	-0.249109	0.0155135	5.06365e-58	C	A	0.304883	7	97982326	257.845322045428	ebi-met1400-GCST90200661	X-25422 levels	GCST90200661
rs59394213	-0.249021	0.0155114	5.35488e-58	C	T	0.304941	7	97982347	257.732953674077	ebi-met1400-GCST90200661	X-25422 levels	GCST90200661
rs55735507	-0.249014	0.0155205	6.28144e-58	T	C	0.304574	7	97982027	257.416341028342	ebi-met1400-GCST90200661	X-25422 levels	GCST90200661
rs56117717	-0.248896	0.0155134	6.30189e-58	G	A	0.305017	7	97982799	257.407889110107	ebi-met1400-GCST90200661	X-25422 levels	GCST90200661
rs61496297	-0.24892	0.0155166	6.4898e-58	C	T	0.304917	7	97983051	257.351352666718	ebi-met1400-GCST90200661	X-25422 levels	GCST90200661
rs62476920	-0.249934	0.0156112	1.09068e-57	A	G	0.302828	7	97983942	256.317408974984	ebi-met1400-GCST90200661	X-25422 levels	GCST90200661
rs62476921	-0.249662	0.0156057	1.31642e-57	C	T	0.303178	7	97984063	255.940127942768	ebi-met1400-GCST90200661	X-25422 levels	GCST90200661
rs56941890	-0.248031	0.0155238	1.83576e-57	T	C	0.304673	7	97983179	255.27944717745	ebi-met1400-GCST90200661	X-25422 levels	GCST90200661
rs62476922	-0.249018	0.0156197	3.20774e-57	A	T	0.303155	7	97984232	254.165210306381	ebi-met1400-GCST90200661	X-25422 levels	GCST90200661
rs146276859	-0.247877	0.0156324	1.26606e-56	C	T	0.303125	7	97984350	251.432344088553	ebi-met1400-GCST90200661	X-25422 levels	GCST90200661
rs75846393	-0.247692	0.0156362	1.62445e-56	A	G	0.302696	7	97984247	250.93516525099	ebi-met1400-GCST90200661	X-25422 levels	GCST90200661
rs16869436	-0.247087	0.015615	2.13606e-56	G	C	0.303081	7	97984459	250.389328671855	ebi-met1400-GCST90200661	X-25422 levels	GCST90200661
rs73140974	-0.253905	0.0164341	7.56021e-54	C	T	0.253964	7	97973341	238.699030975662	ebi-met1400-GCST90200661	X-25422 levels	GCST90200661
rs59636294	-0.257771	0.0167169	1.20471e-53	A	G	0.248669	7	97978633	237.769762313252	ebi-met1400-GCST90200661	X-25422 levels	GCST90200661
rs6974466	-0.257649	0.0167274	1.56719e-53	C	A	0.248482	7	97979205	237.246622205702	ebi-met1400-GCST90200661	X-25422 levels	GCST90200661
rs6956718	-0.257452	0.0167167	1.61574e-53	C	T	0.248824	7	97979126	237.187306175172	ebi-met1400-GCST90200661	X-25422 levels	GCST90200661
rs12113169	-0.257452	0.0167167	1.61574e-53	G	A	0.248824	7	97980041	237.187306175172	ebi-met1400-GCST90200661	X-25422 levels	GCST90200661
rs12111956	-0.257468	0.0167182	1.62568e-53	A	G	0.2487	7	97979568	237.174222797005	ebi-met1400-GCST90200661	X-25422 levels	GCST90200661
rs12113148	-0.257308	0.0167185	1.89135e-53	G	A	0.2487	7	97979696	236.871035827209	ebi-met1400-GCST90200661	X-25422 levels	GCST90200661
rs6974666	-0.257193	0.0167275	2.39127e-53	C	A	0.248575	7	97979344	236.404757067432	ebi-met1400-GCST90200661	X-25422 levels	GCST90200661
rs10269165	-0.255844	0.0166798	4.22491e-53	G	A	0.249907	7	97981185	235.271214884692	ebi-met1400-GCST90200661	X-25422 levels	GCST90200661
rs67547011	-0.255996	0.0167087	5.52145e-53	C	T	0.248487	7	97973309	234.736722191699	ebi-met1400-GCST90200661	X-25422 levels	GCST90200661
rs7778865	-0.256007	0.0167144	5.9285e-53	A	G	0.24861	7	97975998	234.596807782047	ebi-met1400-GCST90200661	X-25422 levels	GCST90200661
rs62476868	-0.25579	0.0167025	6.12151e-53	T	A	0.24858	7	97973409	234.533110256595	ebi-met1400-GCST90200661	X-25422 levels	GCST90200661
rs62476871	-0.255819	0.0167075	6.39495e-53	G	A	0.248733	7	97974457	234.44590653602	ebi-met1400-GCST90200661	X-25422 levels	GCST90200661
rs62476872	-0.255819	0.0167075	6.39495e-53	A	C	0.248733	7	97974573	234.44590653602	ebi-met1400-GCST90200661	X-25422 levels	GCST90200661
rs11980658	-0.255819	0.0167075	6.39495e-53	C	A	0.248733	7	97975340	234.44590653602	ebi-met1400-GCST90200661	X-25422 levels	GCST90200661
rs62476870	-0.255757	0.016709	6.9165e-53	A	G	0.248733	7	97974191	234.290209167118	ebi-met1400-GCST90200661	X-25422 levels	GCST90200661
rs11973101	-0.255725	0.0167076	6.98672e-53	T	C	0.248795	7	97975053	234.270840773403	ebi-met1400-GCST90200661	X-25422 levels	GCST90200661
rs7799764	-0.255508	0.0167286	1.14489e-52	A	G	0.247991	7	97973074	233.286609573509	ebi-met1400-GCST90200661	X-25422 levels	GCST90200661
rs6465642	-0.255157	0.0167065	1.15873e-52	T	C	0.248949	7	97976353	233.262015884511	ebi-met1400-GCST90200661	X-25422 levels	GCST90200661
rs6970432	-0.255572	0.0167386	1.24148e-52	A	G	0.248234	7	97978821	233.124694882924	ebi-met1400-GCST90200661	X-25422 levels	GCST90200661
rs34545484	-0.255389	0.0167687	2.23336e-52	A	G	0.247115	7	97980428	231.955986208957	ebi-met1400-GCST90200661	X-25422 levels	GCST90200661
rs11982759	-0.25396	0.0168831	3.882e-51	C	G	0.245066	7	97970460	226.269621891917	ebi-met1400-GCST90200661	X-25422 levels	GCST90200661
rs11982770	-0.253469	0.0168606	4.44925e-51	G	C	0.245414	7	97970668	225.997508960259	ebi-met1400-GCST90200661	X-25422 levels	GCST90200661
rs11982005	-0.253583	0.0168702	4.56949e-51	T	C	0.245255	7	97964350	225.943477295	ebi-met1400-GCST90200661	X-25422 levels	GCST90200661
rs7784048	-0.253432	0.0168614	4.64661e-51	T	C	0.245444	7	97969984	225.910095621826	ebi-met1400-GCST90200661	X-25422 levels	GCST90200661
rs55718918	-0.253352	0.0168608	4.95442e-51	C	T	0.245414	7	97964825	225.783562005047	ebi-met1400-GCST90200661	X-25422 levels	GCST90200661
rs34017859	-0.253278	0.0168625	5.41554e-51	A	G	0.24535	7	97964663	225.606189807347	ebi-met1400-GCST90200661	X-25422 levels	GCST90200661
rs13231762	-0.252442	0.0168173	6.23397e-51	T	A	0.247577	7	97980276	225.325675374493	ebi-met1400-GCST90200661	X-25422 levels	GCST90200661
rs12155384	-0.253273	0.0168731	6.27298e-51	A	G	0.245159	7	97965443	225.313922531552	ebi-met1400-GCST90200661	X-25422 levels	GCST90200661
rs3957046	-0.253105	0.0168689	6.88167e-51	A	T	0.245225	7	97966780	225.127175041508	ebi-met1400-GCST90200661	X-25422 levels	GCST90200661
rs6978176	-0.252848	0.0168626	7.95653e-51	A	G	0.24532	7	97968013	224.838132380937	ebi-met1400-GCST90200661	X-25422 levels	GCST90200661
rs9692345	-0.252807	0.0168619	8.18096e-51	T	C	0.245351	7	97965872	224.78388411031	ebi-met1400-GCST90200661	X-25422 levels	GCST90200661
rs7809785	-0.252807	0.0168619	8.18096e-51	G	T	0.245351	7	97966016	224.78388411031	ebi-met1400-GCST90200661	X-25422 levels	GCST90200661
rs2894158	-0.252807	0.0168619	8.18096e-51	C	T	0.245351	7	97966630	224.78388411031	ebi-met1400-GCST90200661	X-25422 levels	GCST90200661
rs6977841	-0.252807	0.0168619	8.18096e-51	A	G	0.245351	7	97967820	224.78388411031	ebi-met1400-GCST90200661	X-25422 levels	GCST90200661
rs12672241	-0.252807	0.0168619	8.18096e-51	T	C	0.245351	7	97968544	224.78388411031	ebi-met1400-GCST90200661	X-25422 levels	GCST90200661
rs55840086	-0.252807	0.0168619	8.18096e-51	T	C	0.245351	7	97968930	224.78388411031	ebi-met1400-GCST90200661	X-25422 levels	GCST90200661
rs6960049	-0.252711	0.016862	8.92478e-51	C	T	0.245414	7	97968032	224.610535187079	ebi-met1400-GCST90200661	X-25422 levels	GCST90200661
rs7794918	-0.252672	0.0168629	9.35369e-51	A	G	0.24532	7	97966299	224.517246219078	ebi-met1400-GCST90200661	X-25422 levels	GCST90200661
rs6978174	-0.252418	0.0168794	1.46086e-50	C	G	0.244911	7	97968010	223.628233224862	ebi-met1400-GCST90200661	X-25422 levels	GCST90200661
rs11971168	-0.252199	0.0168681	1.53023e-50	C	T	0.245378	7	97963894	223.539557250551	ebi-met1400-GCST90200661	X-25422 levels	GCST90200661
rs7776611	-0.251822	0.0168608	1.94117e-50	C	T	0.246066	7	97971473	223.064769478382	ebi-met1400-GCST90200661	X-25422 levels	GCST90200661
rs12672251	-0.252155	0.0168919	2.182e-50	A	G	0.244786	7	97968442	222.832311316706	ebi-met1400-GCST90200661	X-25422 levels	GCST90200661
rs12534685	-0.251696	0.0168657	2.31446e-50	G	A	0.24588	7	97965822	222.712137132667	ebi-met1400-GCST90200661	X-25422 levels	GCST90200661
rs12154736	-0.251885	0.0168787	2.32568e-50	G	A	0.245099	7	97965349	222.703284862753	ebi-met1400-GCST90200661	X-25422 levels	GCST90200661
rs2394815	-0.251001	0.0168615	4.05846e-50	A	G	0.245318	7	97962246	221.594251399696	ebi-met1400-GCST90200661	X-25422 levels	GCST90200661
rs36017699	0.259701	0.0174523	4.40371e-50	T	C	0.216853	7	97970523	221.432775825174	ebi-met1400-GCST90200661	X-25422 levels	GCST90200661
rs12532259	-0.250916	0.0168655	4.61522e-50	G	A	0.246006	7	97967543	221.339166025559	ebi-met1400-GCST90200661	X-25422 levels	GCST90200661
rs2894157	-0.249716	0.0168632	1.29353e-49	A	T	0.245163	7	97962193	219.286935157337	ebi-met1400-GCST90200661	X-25422 levels	GCST90200661
rs56849186	0.321274	0.0217738	2.85298e-49	A	G	0.12011	7	97875494	217.712167732311	ebi-met1400-GCST90200661	X-25422 levels	GCST90200661
rs7784883	0.257461	0.0174587	3.22382e-49	T	C	0.216632	7	97964573	217.4698719501	ebi-met1400-GCST90200661	X-25422 levels	GCST90200661
rs11983172	0.256385	0.0174228	5.13001e-49	A	G	0.217585	7	97965903	216.545579769894	ebi-met1400-GCST90200661	X-25422 levels	GCST90200661
rs7794912	0.256285	0.0174226	5.56638e-49	A	G	0.217647	7	97966289	216.381658274885	ebi-met1400-GCST90200661	X-25422 levels	GCST90200661
rs72615155	0.318913	0.0217773	1.46532e-48	T	C	0.119695	7	97872576	214.455099662633	ebi-met1400-GCST90200661	X-25422 levels	GCST90200661
rs4727378	0.318938	0.0218965	4.64241e-48	A	C	0.118408	7	97870513	212.159815985557	ebi-met1400-GCST90200661	X-25422 levels	GCST90200661
rs11771498	0.319392	0.0219477	5.63642e-48	T	C	0.118053	7	97869328	211.772731018152	ebi-met1400-GCST90200661	X-25422 levels	GCST90200661
rs7776563	-0.23908	0.0165171	1.75024e-47	C	A	0.269059	7	97950580	209.516822011112	ebi-met1400-GCST90200661	X-25422 levels	GCST90200661
rs560209552	-0.239422	0.0165599	2.23205e-47	T	TTAA	0.265804	7	97957923	209.031958139904	ebi-met1400-GCST90200661	X-25422 levels	GCST90200661
rs6972495	-0.238788	0.0165557	3.69208e-47	C	T	0.265931	7	97957993	208.031882913427	ebi-met1400-GCST90200661	X-25422 levels	GCST90200661
rs34192681	-0.238788	0.0165557	3.69208e-47	G	A	0.265931	7	97958539	208.031882913427	ebi-met1400-GCST90200661	X-25422 levels	GCST90200661
rs2394814	-0.238119	0.0165163	4.03171e-47	C	G	0.267083	7	97960739	207.856004374601	ebi-met1400-GCST90200661	X-25422 levels	GCST90200661
rs7779883	0.213096	0.0147998	5.28241e-47	A	C	0.57259	7	97935961	207.318903102692	ebi-met1400-GCST90200661	X-25422 levels	GCST90200661
rs11977507	0.254303	0.0176636	5.40158e-47	A	C	0.209536	7	97954371	207.273854823982	ebi-met1400-GCST90200661	X-25422 levels	GCST90200661
rs758124608	-0.238544	0.0165946	7.44337e-47	C	CT	0.267577	7	97949520	206.634777883251	ebi-met1400-GCST90200661	X-25422 levels	GCST90200661
rs62476132	-0.237666	0.0165461	8.72166e-47	C	T	0.26654	7	97959886	206.320710319757	ebi-met1400-GCST90200661	X-25422 levels	GCST90200661
rs55656202	-0.237537	0.0165393	8.96683e-47	A	G	0.26652	7	97960168	206.266303119346	ebi-met1400-GCST90200661	X-25422 levels	GCST90200661
rs117013262	-0.237598	0.0165482	9.50662e-47	T	A	0.266498	7	97958102	206.150332227223	ebi-met1400-GCST90200661	X-25422 levels	GCST90200661
rs2894156	-0.237107	0.0165401	1.31679e-46	A	G	0.26652	7	97960542	205.500313818784	ebi-met1400-GCST90200661	X-25422 levels	GCST90200661
rs55796529	-0.236642	0.0165174	1.48642e-46	T	C	0.268888	7	97955955	205.258089348602	ebi-met1400-GCST90200661	X-25422 levels	GCST90200661
rs12537716	-0.23616	0.0164851	1.51188e-46	C	T	0.270165	7	97953993	205.224642772924	ebi-met1400-GCST90200661	X-25422 levels	GCST90200661
rs60456123	-0.236575	0.0165177	1.58182e-46	A	G	0.268952	7	97956082	205.134425493132	ebi-met1400-GCST90200661	X-25422 levels	GCST90200661
rs28693815	0.25424	0.0177547	1.65064e-46	A	T	0.210716	7	97983938	205.050618130678	ebi-met1400-GCST90200661	X-25422 levels	GCST90200661
rs6961286	-0.239034	0.0166935	1.66523e-46	T	C	0.267238	7	97941813	205.033372435353	ebi-met1400-GCST90200661	X-25422 levels	GCST90200661
rs7455767	-0.236388	0.0165172	1.85175e-46	A	G	0.268918	7	97951643	204.822657883014	ebi-met1400-GCST90200661	X-25422 levels	GCST90200661
rs7786864	-0.236388	0.0165172	1.85175e-46	T	G	0.268918	7	97952455	204.822657883014	ebi-met1400-GCST90200661	X-25422 levels	GCST90200661
rs55900632	-0.236388	0.0165172	1.85175e-46	A	G	0.268918	7	97955098	204.822657883014	ebi-met1400-GCST90200661	X-25422 levels	GCST90200661
rs7791928	-0.236393	0.0165229	1.97969e-46	A	G	0.268761	7	97953397	204.690023349347	ebi-met1400-GCST90200661	X-25422 levels	GCST90200661
rs1073219	-0.236303	0.0165176	2.0021e-46	C	T	0.268981	7	97951689	204.665471830246	ebi-met1400-GCST90200661	X-25422 levels	GCST90200661
rs11982474	-0.236303	0.0165176	2.0021e-46	G	A	0.268981	7	97952826	204.665471830246	ebi-met1400-GCST90200661	X-25422 levels	GCST90200661
rs7806553	-0.236303	0.0165176	2.0021e-46	C	T	0.268981	7	97953077	204.665471830246	ebi-met1400-GCST90200661	X-25422 levels	GCST90200661
rs58174071	-0.236303	0.0165176	2.0021e-46	A	G	0.268981	7	97955376	204.665471830246	ebi-met1400-GCST90200661	X-25422 levels	GCST90200661
rs35767990	0.25379	0.0178557	7.56759e-46	TA	T	0.194455	7	97875076	202.020410997099	ebi-met1400-GCST90200661	X-25422 levels	GCST90200661
rs59657687	-0.234794	0.0165273	8.35477e-46	C	T	0.268389	7	97952586	201.822772758595	ebi-met1400-GCST90200661	X-25422 levels	GCST90200661
rs56136883	-0.236967	0.0167645	2.31032e-45	A	G	0.259802	7	97960147	199.799561396103	ebi-met1400-GCST90200661	X-25422 levels	GCST90200661
rs6966194	0.209692	0.0148476	2.74236e-45	A	G	0.571026	7	97907577	199.457883313699	ebi-met1400-GCST90200661	X-25422 levels	GCST90200661
rs17595064	0.247949	0.017683	1.14481e-44	A	G	0.2114	7	97982029	196.613270918969	ebi-met1400-GCST90200661	X-25422 levels	GCST90200661
rs35195462	0.243144	0.0175023	7.0675e-44	A	G	0.215683	7	97950754	192.990915743219	ebi-met1400-GCST90200661	X-25422 levels	GCST90200661
rs4729388	0.246595	0.0178735	2.66706e-43	C	A	0.193459	7	97863822	190.348440805842	ebi-met1400-GCST90200661	X-25422 levels	GCST90200661
rs13236364	0.241326	0.0175745	6.56687e-43	C	T	0.214366	7	97942532	188.556831996773	ebi-met1400-GCST90200661	X-25422 levels	GCST90200661
rs62478984	-0.215504	0.0164959	5.2805e-39	T	C	0.279058	7	97903126	170.670570707969	ebi-met1400-GCST90200661	X-25422 levels	GCST90200661
rs62478986	-0.215379	0.0165015	6.18208e-39	G	C	0.278899	7	97905920	170.356953493109	ebi-met1400-GCST90200661	X-25422 levels	GCST90200661
rs10259636	-0.215299	0.0164965	6.25822e-39	G	A	0.279123	7	97903654	170.333630298301	ebi-met1400-GCST90200661	X-25422 levels	GCST90200661
rs116978309	-0.214572	0.0165056	1.2243e-38	C	T	0.279073	7	97895005	168.998739823986	ebi-met1400-GCST90200661	X-25422 levels	GCST90200661
rs35714111	-0.214943	0.0166979	6.43106e-38	T	C	0.266135	7	97919971	165.700149617256	ebi-met1400-GCST90200661	X-25422 levels	GCST90200661
rs7808061	-0.213223	0.0165875	8.12528e-38	T	C	0.275842	7	97886250	165.236591291074	ebi-met1400-GCST90200661	X-25422 levels	GCST90200661
rs35718804	-0.211034	0.0167222	1.63894e-36	A	G	0.265785	7	97916428	159.264152463289	ebi-met1400-GCST90200661	X-25422 levels	GCST90200661
rs12669125	0.187395	0.0148821	2.33807e-36	T	G	0.348989	7	97857652	158.557781691866	ebi-met1400-GCST90200661	X-25422 levels	GCST90200661
rs6465634	-0.213551	0.017206	2.26441e-35	A	C	0.246962	7	97941529	154.043501476235	ebi-met1400-GCST90200661	X-25422 levels	GCST90200661
rs34573462	0.227322	0.018415	5.2218e-35	G	C	0.188839	7	97965215	152.38404243315	ebi-met1400-GCST90200661	X-25422 levels	GCST90200661
rs2005752	-0.228584	0.0189487	1.64992e-33	G	A	0.18194	7	97967266	145.523394428357	ebi-met1400-GCST90200661	X-25422 levels	GCST90200661
rs1017070	0.241974	0.0203076	9.82993e-33	G	A	0.145001	7	97860118	141.97772289837	ebi-met1400-GCST90200661	X-25422 levels	GCST90200661
rs11768092	0.241267	0.0203312	1.76047e-32	A	G	0.144766	7	97860768	140.821777876137	ebi-met1400-GCST90200661	X-25422 levels	GCST90200661
rs73140945	0.238964	0.0204032	1.10512e-31	T	C	0.144033	7	97857650	137.172920498964	ebi-met1400-GCST90200661	X-25422 levels	GCST90200661
rs10248654	0.184982	0.0160674	1.13623e-30	A	G	0.288351	7	97983401	132.546336946392	ebi-met1400-GCST90200661	X-25422 levels	GCST90200661
rs71561649	0.195053	0.017012	1.96419e-30	T	C	0.223606	7	97774536	131.460270202348	ebi-met1400-GCST90200661	X-25422 levels	GCST90200661
rs386715988	0.195053	0.017012	1.96419e-30	GT	G	0.223606	7	97774537	131.460270202348	ebi-met1400-GCST90200661	X-25422 levels	GCST90200661
rs2108614	0.195043	0.0170927	3.69036e-30	C	G	0.221461	7	97807528	130.208518069866	ebi-met1400-GCST90200661	X-25422 levels	GCST90200661
rs187338551	0.233541	0.0205093	4.84999e-30	T	C	0.142063	7	97815645	129.665546682396	ebi-met1400-GCST90200661	X-25422 levels	GCST90200661
rs67761639	0.230022	0.020211	5.19531e-30	G	T	0.146644	7	97844771	129.527846867911	ebi-met1400-GCST90200661	X-25422 levels	GCST90200661
rs17279084	0.232099	0.0204037	5.54918e-30	G	C	0.144261	7	97854438	129.398332509759	ebi-met1400-GCST90200661	X-25422 levels	GCST90200661
rs13239070	0.229556	0.0201896	5.89946e-30	G	C	0.14703	7	97781673	129.277179328122	ebi-met1400-GCST90200661	X-25422 levels	GCST90200661
rs10255709	0.182152	0.0160583	8.02006e-30	C	T	0.289388	7	97981464	128.667467771702	ebi-met1400-GCST90200661	X-25422 levels	GCST90200661
rs4644174	0.228209	0.0201364	8.98865e-30	A	G	0.147073	7	97765480	128.440467156106	ebi-met1400-GCST90200661	X-25422 levels	GCST90200661
rs11978245	0.227066	0.0200588	1.04422e-29	G	T	0.147834	7	97775506	128.14283341413	ebi-met1400-GCST90200661	X-25422 levels	GCST90200661
rs149163769	0.22785	0.0201661	1.33234e-29	C	G	0.14656	7	97782632	127.65982153032	ebi-met1400-GCST90200661	X-25422 levels	GCST90200661
rs73140906	0.227909	0.0201822	1.42857e-29	T	C	0.146528	7	97804325	127.52224211254	ebi-met1400-GCST90200661	X-25422 levels	GCST90200661
rs9640651	0.228293	0.0202255	1.51481e-29	G	C	0.146734	7	97847215	127.405054203077	ebi-met1400-GCST90200661	X-25422 levels	GCST90200661
rs200607199	0.227526	0.0201699	1.63878e-29	G	C	0.146553	7	97789992	127.24905727549	ebi-met1400-GCST90200661	X-25422 levels	GCST90200661
rs17271261	0.227665	0.0201871	1.6901e-29	A	G	0.146423	7	97798620	127.187570173974	ebi-met1400-GCST90200661	X-25422 levels	GCST90200661
rs34081292	0.227227	0.0201633	1.85936e-29	A	G	0.146528	7	97824346	126.997931009474	ebi-met1400-GCST90200661	X-25422 levels	GCST90200661
rs72615154	0.228317	0.0202604	1.86413e-29	A	G	0.145718	7	97831639	126.993200347335	ebi-met1400-GCST90200661	X-25422 levels	GCST90200661
rs6465617	0.227016	0.0201466	1.88417e-29	C	T	0.147019	7	97776952	126.972422832664	ebi-met1400-GCST90200661	X-25422 levels	GCST90200661
rs73139196	0.227442	0.0201849	1.89039e-29	T	G	0.146466	7	97799091	126.966201539122	ebi-met1400-GCST90200661	X-25422 levels	GCST90200661
rs17343370	0.227442	0.0201849	1.89039e-29	T	C	0.146466	7	97799311	126.966201539122	ebi-met1400-GCST90200661	X-25422 levels	GCST90200661
rs4729381	0.227457	0.0201982	2.03811e-29	G	A	0.146136	7	97795850	126.815774142762	ebi-met1400-GCST90200661	X-25422 levels	GCST90200661
rs11983222	0.228001	0.0202478	2.05542e-29	G	C	0.145744	7	97829898	126.799581112555	ebi-met1400-GCST90200661	X-25422 levels	GCST90200661
rs11976496	0.228001	0.0202478	2.05542e-29	G	A	0.145744	7	97830139	126.799581112555	ebi-met1400-GCST90200661	X-25422 levels	GCST90200661
rs4729385	0.228088	0.0202599	2.1122e-29	G	A	0.145683	7	97833358	126.744837626197	ebi-met1400-GCST90200661	X-25422 levels	GCST90200661
rs143422964	0.226693	0.0201417	2.19085e-29	T	C	0.146915	7	97779128	126.672975921814	ebi-met1400-GCST90200661	X-25422 levels	GCST90200661
rs11979735	0.227675	0.0202405	2.35576e-29	A	G	0.145961	7	97760860	126.528458540418	ebi-met1400-GCST90200661	X-25422 levels	GCST90200661
rs7797053	0.226998	0.0201814	2.37192e-29	A	T	0.146589	7	97792357	126.514843026588	ebi-met1400-GCST90200661	X-25422 levels	GCST90200661
rs6963927	0.227674	0.0202526	2.54406e-29	C	T	0.1459	7	97762001	126.376203645671	ebi-met1400-GCST90200661	X-25422 levels	GCST90200661
rs67120998	0.228317	0.0203231	2.76505e-29	T	G	0.144968	7	97837220	126.210820600925	ebi-met1400-GCST90200661	X-25422 levels	GCST90200661
rs4729378	0.227525	0.0202528	2.76846e-29	T	A	0.1459	7	97760735	126.208352649501	ebi-met1400-GCST90200661	X-25422 levels	GCST90200661
rs67042029	0.226457	0.0201593	2.79604e-29	A	G	0.146614	7	97825347	126.188739927217	ebi-met1400-GCST90200661	X-25422 levels	GCST90200661
rs11979962	0.226217	0.0201623	3.25867e-29	A	C	0.146894	7	97785954	125.883941488617	ebi-met1400-GCST90200661	X-25422 levels	GCST90200661
rs67096327	0.226003	0.0201575	3.56633e-29	A	T	0.146657	7	97820837	125.705729070289	ebi-met1400-GCST90200661	X-25422 levels	GCST90200661
rs4729377	0.227026	0.020251	3.61634e-29	A	C	0.145943	7	97760697	125.677706698859	ebi-met1400-GCST90200661	X-25422 levels	GCST90200661
rs7456490	0.227026	0.020251	3.61634e-29	A	C	0.145943	7	97764341	125.677706698859	ebi-met1400-GCST90200661	X-25422 levels	GCST90200661
rs138126502	0.227026	0.020251	3.61634e-29	A	C	0.145943	7	97764342	125.677706698859	ebi-met1400-GCST90200661	X-25422 levels	GCST90200661
rs149741432	0.227026	0.020251	3.61634e-29	C	T	0.145943	7	97764605	125.677706698859	ebi-met1400-GCST90200661	X-25422 levels	GCST90200661
rs2159087	0.227355	0.0202832	3.68237e-29	T	C	0.145448	7	97834393	125.642356529503	ebi-met1400-GCST90200661	X-25422 levels	GCST90200661
rs2108613	0.227334	0.0202854	3.777e-29	A	G	0.145387	7	97834627	125.591901381478	ebi-met1400-GCST90200661	X-25422 levels	GCST90200661
rs17344446	0.22726	0.0202817	3.84575e-29	A	G	0.145527	7	97835784	125.555949214287	ebi-met1400-GCST90200661	X-25422 levels	GCST90200661
rs7797673	0.225907	0.0201642	3.92569e-29	A	G	0.146492	7	97825846	125.515506742028	ebi-met1400-GCST90200661	X-25422 levels	GCST90200661
rs4727374	0.225384	0.0201382	4.46791e-29	A	C	0.146962	7	97812014	125.257824679787	ebi-met1400-GCST90200661	X-25422 levels	GCST90200661
rs17278667	0.22693	0.0202893	4.84664e-29	G	T	0.145379	7	97834900	125.097807680761	ebi-met1400-GCST90200661	X-25422 levels	GCST90200661
rs66471276	0.225191	0.0201499	5.35776e-29	A	G	0.146711	7	97808052	124.89822563922	ebi-met1400-GCST90200661	X-25422 levels	GCST90200661
rs7784554	0.224881	0.0201405	6.00634e-29	A	G	0.146883	7	97811024	124.670881925504	ebi-met1400-GCST90200661	X-25422 levels	GCST90200661
rs4729375	0.225623	0.0202584	8.26526e-29	T	C	0.146025	7	97760376	124.03848555783	ebi-met1400-GCST90200661	X-25422 levels	GCST90200661
rs7784046	0.160303	0.0147087	1.17144e-27	T	C	0.434219	7	97876146	118.777647609858	ebi-met1400-GCST90200661	X-25422 levels	GCST90200661
rs56079400	0.21207	0.0199106	1.72305e-26	T	C	0.152048	7	97737807	113.446154111496	ebi-met1400-GCST90200661	X-25422 levels	GCST90200661
rs1397202	0.211606	0.0199048	2.13925e-26	G	A	0.152195	7	97739695	113.016100695013	ebi-met1400-GCST90200661	X-25422 levels	GCST90200661
rs9801542	0.265366	0.0250265	2.87282e-26	T	C	0.0925413	7	97924397	112.432099949001	ebi-met1400-GCST90200661	X-25422 levels	GCST90200661
rs13225255	0.180103	0.0174302	5.00865e-25	A	T	0.22142	7	97939950	106.767027868909	ebi-met1400-GCST90200661	X-25422 levels	GCST90200661
rs142435214	0.258073	0.0250774	7.73056e-25	T	C	0.0918939	7	97884490	105.905892906663	ebi-met1400-GCST90200661	X-25422 levels	GCST90200661
rs4727375	0.147946	0.014447	1.30477e-24	C	T	0.421679	7	97843119	104.869961795755	ebi-met1400-GCST90200661	X-25422 levels	GCST90200661
rs13438327	0.262542	0.0256477	1.36118e-24	A	G	0.086209	7	97991379	104.785388609885	ebi-met1400-GCST90200661	X-25422 levels	GCST90200661
rs35525152	0.180352	0.017637	1.51999e-24	A	G	0.211228	7	97936879	104.566481684982	ebi-met1400-GCST90200661	X-25422 levels	GCST90200661
rs4727376	0.147531	0.0144567	1.88211e-24	C	T	0.422032	7	97843206	104.142556544184	ebi-met1400-GCST90200661	X-25422 levels	GCST90200661
rs112508071	0.261752	0.0257249	2.56314e-24	C	G	0.0857945	7	97992597	103.531528790714	ebi-met1400-GCST90200661	X-25422 levels	GCST90200661
rs34752342	0.261885	0.0257607	2.80964e-24	G	A	0.0855625	7	97994628	103.348916538221	ebi-met1400-GCST90200661	X-25422 levels	GCST90200661
rs28733191	0.261116	0.0257404	3.51557e-24	T	A	0.0857143	7	97994652	102.904978329438	ebi-met1400-GCST90200661	X-25422 levels	GCST90200661
rs7789040	0.260564	0.0256986	3.6999e-24	C	T	0.0860071	7	97991827	102.803972305942	ebi-met1400-GCST90200661	X-25422 levels	GCST90200661
rs7789181	0.260564	0.0256986	3.6999e-24	G	T	0.0860071	7	97991951	102.803972305942	ebi-met1400-GCST90200661	X-25422 levels	GCST90200661
rs34706362	0.260479	0.0257054	3.93307e-24	C	T	0.0859461	7	97992208	102.682562755921	ebi-met1400-GCST90200661	X-25422 levels	GCST90200661
rs10277460	0.262651	0.0259303	4.10353e-24	G	A	0.0841675	7	97989076	102.598977961025	ebi-met1400-GCST90200661	X-25422 levels	GCST90200661
rs13231206	0.260298	0.0257282	4.63371e-24	T	C	0.0858469	7	97992933	102.358250945577	ebi-met1400-GCST90200661	X-25422 levels	GCST90200661
rs28697591	0.146113	0.0144462	4.7755e-24	G	C	0.421767	7	97848166	102.298783511744	ebi-met1400-GCST90200661	X-25422 levels	GCST90200661
rs10248044	0.262247	0.0259299	4.80339e-24	A	G	0.0841367	7	97988831	102.286748560276	ebi-met1400-GCST90200661	X-25422 levels	GCST90200661
rs35218994	0.260179	0.0257281	4.85413e-24	T	C	0.0858364	7	97993320	102.265477405442	ebi-met1400-GCST90200661	X-25422 levels	GCST90200661
rs13234580	0.260179	0.0257281	4.85413e-24	G	A	0.0858364	7	97993517	102.265477405442	ebi-met1400-GCST90200661	X-25422 levels	GCST90200661
rs13235265	0.260179	0.0257281	4.85413e-24	A	C	0.0858364	7	97994027	102.265477405442	ebi-met1400-GCST90200661	X-25422 levels	GCST90200661
rs28609743	0.260179	0.0257281	4.85413e-24	C	T	0.0858364	7	97994170	102.265477405442	ebi-met1400-GCST90200661	X-25422 levels	GCST90200661
rs28613451	0.260179	0.0257281	4.85413e-24	G	A	0.0858364	7	97994489	102.265477405442	ebi-met1400-GCST90200661	X-25422 levels	GCST90200661
rs28625525	0.260179	0.0257281	4.85413e-24	T	C	0.0858364	7	97994669	102.265477405442	ebi-met1400-GCST90200661	X-25422 levels	GCST90200661
rs112830011	0.262392	0.0259604	5.1219e-24	C	T	0.0839849	7	97988216	102.15942032547	ebi-met1400-GCST90200661	X-25422 levels	GCST90200661
rs13246032	0.260423	0.0257659	5.12923e-24	A	G	0.0853867	7	97996332	102.156978958204	ebi-met1400-GCST90200661	X-25422 levels	GCST90200661
rs34701881	0.260095	0.0257349	5.15977e-24	T	C	0.0857753	7	97992969	102.145452571979	ebi-met1400-GCST90200661	X-25422 levels	GCST90200661
rs10277446	0.262641	0.0259884	5.19158e-24	G	A	0.0837508	7	97989024	102.132970037743	ebi-met1400-GCST90200661	X-25422 levels	GCST90200661
rs35318583	0.259894	0.0257217	5.29883e-24	T	C	0.0858974	7	97993417	102.092342661628	ebi-met1400-GCST90200661	X-25422 levels	GCST90200661
rs35481514	0.260482	0.0257936	5.59811e-24	T	C	0.0853361	7	97990785	101.983876122215	ebi-met1400-GCST90200661	X-25422 levels	GCST90200661
rs13234134	0.176922	0.0175227	5.71177e-24	G	A	0.215192	7	97938967	101.943990376904	ebi-met1400-GCST90200661	X-25422 levels	GCST90200661
rs13242307	0.262018	0.0259538	5.78007e-24	G	C	0.0840459	7	97988346	101.920218809283	ebi-met1400-GCST90200661	X-25422 levels	GCST90200661
rs12704956	0.261681	0.0259385	6.20966e-24	G	A	0.0841064	7	97988385	101.778176655972	ebi-met1400-GCST90200661	X-25422 levels	GCST90200661
rs10251155	0.261378	0.025917	6.42453e-24	G	C	0.0842587	7	97989224	101.711159110273	ebi-met1400-GCST90200661	X-25422 levels	GCST90200661
rs13231319	0.259641	0.025756	6.71873e-24	A	G	0.0857753	7	97992895	101.622462259219	ebi-met1400-GCST90200661	X-25422 levels	GCST90200661
rs13308002	0.259904	0.0257875	6.86608e-24	G	A	0.0853971	7	97990935	101.579821418436	ebi-met1400-GCST90200661	X-25422 levels	GCST90200661
rs34556006	0.25979	0.025788	7.19178e-24	G	T	0.0854075	7	97989841	101.486794827924	ebi-met1400-GCST90200661	X-25422 levels	GCST90200661
rs34757976	0.25979	0.025788	7.19178e-24	G	T	0.0854075	7	97990454	101.486794827924	ebi-met1400-GCST90200661	X-25422 levels	GCST90200661
rs11975817	0.145527	0.0144495	7.38667e-24	T	C	0.421677	7	97848497	101.433524110415	ebi-met1400-GCST90200661	X-25422 levels	GCST90200661
rs2894160	0.259927	0.0258231	7.83419e-24	C	T	0.085144	7	97990407	101.317866145428	ebi-met1400-GCST90200661	X-25422 levels	GCST90200661
rs1636545	0.259817	0.0258149	7.91975e-24	T	C	0.0851531	7	97995660	101.296451890066	ebi-met1400-GCST90200661	X-25422 levels	GCST90200661
rs12112779	0.258692	0.0257085	8.08994e-24	A	G	0.0859775	7	97989685	101.254077490859	ebi-met1400-GCST90200661	X-25422 levels	GCST90200661
rs13234789	0.258897	0.0257311	8.16531e-24	G	A	0.0858888	7	97993768	101.236548652538	ebi-met1400-GCST90200661	X-25422 levels	GCST90200661
rs68098129	0.259298	0.0258242	1.0075e-23	T	C	0.0851544	7	97993541	100.81950967781	ebi-met1400-GCST90200661	X-25422 levels	GCST90200661
rs112178866	0.17614	0.0175477	1.03944e-23	C	T	0.214783	7	97936763	100.757082121849	ebi-met1400-GCST90200661	X-25422 levels	GCST90200661
rs1621674	0.258329	0.0257432	1.07145e-23	T	A	0.085866	7	97995973	100.698097175381	ebi-met1400-GCST90200661	X-25422 levels	GCST90200661
rs3757675	-0.14674	0.0146435	1.23429e-23	A	C	0.414069	7	97873010	100.417000897868	ebi-met1400-GCST90200661	X-25422 levels	GCST90200661
rs35063198	0.259263	0.0258734	1.2394e-23	C	T	0.0849414	7	97995071	100.409332201408	ebi-met1400-GCST90200661	X-25422 levels	GCST90200661
rs71563547	0.259763	0.0259299	1.27159e-23	A	G	0.0843315	7	97986519	100.358208207573	ebi-met1400-GCST90200661	X-25422 levels	GCST90200661
rs13226830	0.178073	0.017798	1.44562e-23	T	A	0.209649	7	97933860	100.104533428109	ebi-met1400-GCST90200661	X-25422 levels	GCST90200661
rs34180334	0.259326	0.0259371	1.55086e-23	G	A	0.0842601	7	97986413	99.9653036798059	ebi-met1400-GCST90200661	X-25422 levels	GCST90200661
rs10231883	0.259326	0.0259371	1.55086e-23	G	A	0.0842601	7	97986842	99.9653036798059	ebi-met1400-GCST90200661	X-25422 levels	GCST90200661
rs71563549	0.259326	0.0259371	1.55086e-23	A	T	0.0842601	7	97987970	99.9653036798059	ebi-met1400-GCST90200661	X-25422 levels	GCST90200661
rs2665451	0.14439	0.0144517	1.66599e-23	T	C	0.418774	7	97819159	99.8243193577552	ebi-met1400-GCST90200661	X-25422 levels	GCST90200661
rs17169235	0.257944	0.0258358	1.79121e-23	G	A	0.0850244	7	97985488	99.6797712496004	ebi-met1400-GCST90200661	X-25422 levels	GCST90200661
rs12113397	0.257777	0.0258394	1.9386e-23	C	T	0.0851947	7	97989658	99.5230049029209	ebi-met1400-GCST90200661	X-25422 levels	GCST90200661
rs1234566	0.144057	0.0145086	3.11054e-23	T	A	0.419105	7	97787618	98.5865610901406	ebi-met1400-GCST90200661	X-25422 levels	GCST90200661
rs1229551	0.144098	0.0145132	3.1204e-23	A	G	0.4195	7	97788837	98.5801661820564	ebi-met1400-GCST90200661	X-25422 levels	GCST90200661
rs1229567	0.143577	0.0144848	3.68206e-23	A	G	0.419078	7	97796590	98.2527564505424	ebi-met1400-GCST90200661	X-25422 levels	GCST90200661
rs1229527	0.143563	0.0145084	4.36773e-23	C	G	0.419343	7	97780874	97.9142741640069	ebi-met1400-GCST90200661	X-25422 levels	GCST90200661
rs111393376	0.256308	0.0259567	5.37439e-23	CA	C	0.0845665	7	97993824	97.5046590886	ebi-met1400-GCST90200661	X-25422 levels	GCST90200661
rs2530164	0.142904	0.0144894	6.04288e-23	C	A	0.418864	7	97798119	97.2720271470156	ebi-met1400-GCST90200661	X-25422 levels	GCST90200661
rs7797830	-0.184663	0.0188722	1.30706e-22	G	C	0.194452	7	97884180	95.7446933940185	ebi-met1400-GCST90200661	X-25422 levels	GCST90200661
rs6465630	0.150111	0.0155787	5.65246e-22	G	A	0.296151	7	97869223	92.8458738151632	ebi-met1400-GCST90200661	X-25422 levels	GCST90200661
rs147393899	0.213322	0.0224835	2.35628e-21	T	C	0.117127	7	97696168	90.0209218969135	ebi-met1400-GCST90200661	X-25422 levels	GCST90200661
rs34055050	0.169345	0.017856	2.44842e-21	T	C	0.211075	7	97919335	89.9448707974479	ebi-met1400-GCST90200661	X-25422 levels	GCST90200661
rs79345587	0.246164	0.0259972	2.82853e-21	C	T	0.085206	7	97883535	89.6594210129728	ebi-met1400-GCST90200661	X-25422 levels	GCST90200661
rs35475149	0.16867	0.017867	3.71712e-21	T	C	0.210967	7	97920844	89.1194330612527	ebi-met1400-GCST90200661	X-25422 levels	GCST90200661
rs6948093	0.14822	0.0157649	5.358e-21	T	C	0.308724	7	97951662	88.3957077343163	ebi-met1400-GCST90200661	X-25422 levels	GCST90200661
rs12530996	0.148126	0.0158929	1.16046e-20	G	A	0.304111	7	97960663	86.8672932023218	ebi-met1400-GCST90200661	X-25422 levels	GCST90200661
rs2282377	-0.198248	0.0213001	1.31041e-20	G	C	0.12992	14	104105483	86.6272134523671	ebi-met1400-GCST90200661	X-25422 levels	GCST90200661
rs35665426	0.161777	0.0174886	2.23612e-20	C	G	0.227192	7	97886001	85.5703810295644	ebi-met1400-GCST90200661	X-25422 levels	GCST90200661
rs71552570	0.164934	0.0178814	2.86887e-20	C	T	0.210681	7	97915149	85.0780146399879	ebi-met1400-GCST90200661	X-25422 levels	GCST90200661
rs12587641	-0.195075	0.0211666	3.07999e-20	G	C	0.13135	14	104108953	84.937803469976	ebi-met1400-GCST90200661	X-25422 levels	GCST90200661
rs112102307	0.164661	0.0178885	3.4224e-20	C	T	0.210592	7	97909164	84.7293054855271	ebi-met1400-GCST90200661	X-25422 levels	GCST90200661
rs8012505	-0.195579	0.0212808	3.9136e-20	G	C	0.130182	14	104104717	84.4633966050932	ebi-met1400-GCST90200661	X-25422 levels	GCST90200661
rs2298000	-0.193075	0.0210345	4.35352e-20	A	C	0.132796	14	104108989	84.2534514539064	ebi-met1400-GCST90200661	X-25422 levels	GCST90200661
rs61997622	-0.19749	0.0215496	4.98013e-20	A	G	0.126569	14	104113279	83.986946714377	ebi-met1400-GCST90200661	X-25422 levels	GCST90200661
rs79666856	-0.180112	0.0196863	5.74251e-20	A	G	0.172407	7	97931267	83.7060983559818	ebi-met1400-GCST90200661	X-25422 levels	GCST90200661
rs759658	0.244317	0.0267133	5.91478e-20	T	C	0.0789703	7	97688835	83.6473700815517	ebi-met1400-GCST90200661	X-25422 levels	GCST90200661
rs12587599	-0.192388	0.0212189	1.22558e-19	T	C	0.130381	14	104108793	82.2072702932956	ebi-met1400-GCST90200661	X-25422 levels	GCST90200661
rs62478981	-0.17595	0.0195567	2.32176e-19	G	A	0.175732	7	97896985	80.9445093459295	ebi-met1400-GCST90200661	X-25422 levels	GCST90200661
rs9691866	0.161217	0.0179902	3.20631e-19	G	A	0.208469	7	97910969	80.3063130976622	ebi-met1400-GCST90200661	X-25422 levels	GCST90200661
rs12397744	-0.175766	0.019696	4.49993e-19	T	C	0.17261	7	97899725	79.6367755872198	ebi-met1400-GCST90200661	X-25422 levels	GCST90200661
rs61997624	-0.186385	0.0210355	7.96725e-19	T	C	0.136088	14	104116049	78.508420023828	ebi-met1400-GCST90200661	X-25422 levels	GCST90200661
rs1229536	0.132961	0.015113	1.39551e-18	A	C	0.342608	7	97834912	77.4011085697477	ebi-met1400-GCST90200661	X-25422 levels	GCST90200661
rs10255649	-0.126745	0.0144148	1.45953e-18	G	T	0.443981	7	97745181	77.311558699345	ebi-met1400-GCST90200661	X-25422 levels	GCST90200661
rs143439126	0.476902	0.0543732	1.7724e-18	A	G	0.0175815	7	97862234	76.9287191105672	ebi-met1400-GCST90200661	X-25422 levels	GCST90200661
rs2665441	0.132515	0.0151094	1.78086e-18	G	A	0.342588	7	97825668	76.9193568763456	ebi-met1400-GCST90200661	X-25422 levels	GCST90200661
rs2665466	0.126763	0.0144582	1.82545e-18	G	A	0.559799	7	97831803	76.8699434205682	ebi-met1400-GCST90200661	X-25422 levels	GCST90200661
rs714117	0.126697	0.0144528	1.8468e-18	C	G	0.559531	7	97830229	76.8473113209133	ebi-met1400-GCST90200661	X-25422 levels	GCST90200661
rs1229537	0.13229	0.0151121	2.06124e-18	C	A	0.342773	7	97834880	76.6309827934101	ebi-met1400-GCST90200661	X-25422 levels	GCST90200661
rs1620646	0.19375	0.0221557	2.23159e-18	A	C	0.120766	7	97996146	76.4737647071653	ebi-met1400-GCST90200661	X-25422 levels	GCST90200661
rs2530130	0.131752	0.0150755	2.34267e-18	C	A	0.343559	7	97820850	76.378475029581	ebi-met1400-GCST90200661	X-25422 levels	GCST90200661
rs28701170	0.193648	0.0221591	2.35196e-18	T	A	0.120967	7	97995007	76.3698252977442	ebi-met1400-GCST90200661	X-25422 levels	GCST90200661
rs34992931	0.193648	0.0221591	2.35196e-18	T	A	0.120967	7	97995144	76.3698252977442	ebi-met1400-GCST90200661	X-25422 levels	GCST90200661
rs1620647	0.193533	0.0221473	2.36362e-18	G	C	0.120815	7	97996145	76.3604502561286	ebi-met1400-GCST90200661	X-25422 levels	GCST90200661
rs1620758	0.193327	0.0221546	2.6322e-18	C	A	0.120707	7	97996103	76.1477713004959	ebi-met1400-GCST90200661	X-25422 levels	GCST90200661
rs2530134	0.126074	0.0144502	2.66899e-18	A	G	0.559311	7	97817852	76.1208007314421	ebi-met1400-GCST90200661	X-25422 levels	GCST90200661
rs6947443	0.126115	0.0144586	2.72064e-18	T	C	0.559514	7	97805316	76.081839143145	ebi-met1400-GCST90200661	X-25422 levels	GCST90200661
rs2530137	0.131558	0.0150888	2.80806e-18	T	A	0.343089	7	97813626	76.0195196282203	ebi-met1400-GCST90200661	X-25422 levels	GCST90200661
rs62496924	0.184734	0.0212112	3.0592e-18	T	C	0.133675	7	97717552	75.851328236153	ebi-met1400-GCST90200661	X-25422 levels	GCST90200661
rs34033469	0.19295	0.0221565	3.07948e-18	T	C	0.121029	7	97995409	75.8380663842901	ebi-met1400-GCST90200661	X-25422 levels	GCST90200661
rs993057	0.126034	0.0144749	3.11969e-18	G	A	0.560099	7	97795392	75.813107032549	ebi-met1400-GCST90200661	X-25422 levels	GCST90200661
rs1229540	0.125899	0.0144659	3.22714e-18	A	G	0.560323	7	97794082	75.7449431548561	ebi-met1400-GCST90200661	X-25422 levels	GCST90200661
rs1229560	0.12567	0.0144595	3.58722e-18	G	C	0.559109	7	97801852	75.5364688895012	ebi-met1400-GCST90200661	X-25422 levels	GCST90200661
rs2665440	0.125441	0.0144539	4.00347e-18	C	T	0.56	7	97825765	75.3197593195175	ebi-met1400-GCST90200661	X-25422 levels	GCST90200661
rs2530156	0.125342	0.0144636	4.47521e-18	G	A	0.559344	7	97808316	75.1000861370566	ebi-met1400-GCST90200661	X-25422 levels	GCST90200661
rs1229550	0.125427	0.014475	4.51174e-18	A	G	0.560049	7	97789470	75.0835718972322	ebi-met1400-GCST90200661	X-25422 levels	GCST90200661
rs10245421	0.125356	0.014473	4.66199e-18	G	C	0.560782	7	97786850	75.0193206897278	ebi-met1400-GCST90200661	X-25422 levels	GCST90200661
rs7158957	-0.196541	0.0226951	4.7142e-18	A	G	0.113622	14	104101085	74.9966943759053	ebi-met1400-GCST90200661	X-25422 levels	GCST90200661
rs2530162	0.125197	0.0144615	4.83228e-18	T	G	0.559275	7	97804898	74.9481920258704	ebi-met1400-GCST90200661	X-25422 levels	GCST90200661
rs2530145	0.124989	0.0144662	5.61832e-18	G	A	0.559398	7	97810863	74.6508327379424	ebi-met1400-GCST90200661	X-25422 levels	GCST90200661
rs2136703	0.124781	0.0144479	5.7915e-18	G	C	0.559296	7	97817570	74.5911786050572	ebi-met1400-GCST90200661	X-25422 levels	GCST90200661
rs2530131	0.129682	0.0150786	7.94037e-18	C	A	0.342645	7	97820717	73.9668899247562	ebi-met1400-GCST90200661	X-25422 levels	GCST90200661
rs12590368	-0.203363	0.0236913	9.17475e-18	T	C	0.103442	14	104123595	73.6827956759601	ebi-met1400-GCST90200661	X-25422 levels	GCST90200661
rs147589156	-0.197661	0.0231027	1.1711e-17	GATAT	G	0.109924	14	104122353	73.2009132239834	ebi-met1400-GCST90200661	X-25422 levels	GCST90200661
rs1744297	0.192788	0.0225665	1.30674e-17	C	T	0.88377	14	104102135	72.9846589544116	ebi-met1400-GCST90200661	X-25422 levels	GCST90200661
rs1771014	0.192439	0.0225509	1.41942e-17	A	G	0.88365	14	104101589	72.8212994930572	ebi-met1400-GCST90200661	X-25422 levels	GCST90200661
rs1771013	0.192304	0.0225492	1.48627e-17	G	A	0.883722	14	104101595	72.7301290996812	ebi-met1400-GCST90200661	X-25422 levels	GCST90200661
rs1744293	0.192195	0.0225453	1.53015e-17	T	C	0.883675	14	104101188	72.6728401169641	ebi-met1400-GCST90200661	X-25422 levels	GCST90200661
rs1744294	0.192195	0.0225453	1.53015e-17	T	C	0.883675	14	104101239	72.6728401169641	ebi-met1400-GCST90200661	X-25422 levels	GCST90200661
rs7780056	-0.126271	0.0148484	1.83151e-17	A	T	0.430698	7	97984686	72.3182524196862	ebi-met1400-GCST90200661	X-25422 levels	GCST90200661
rs7796698	-0.125665	0.0147946	1.99736e-17	G	A	0.43465	7	97984590	72.1476543199457	ebi-met1400-GCST90200661	X-25422 levels	GCST90200661
rs148796911	0.420037	0.0495049	2.16173e-17	T	G	0.0215021	7	97825971	71.9910853035459	ebi-met1400-GCST90200661	X-25422 levels	GCST90200661
rs6960546	0.145343	0.0172163	3.11455e-17	T	C	0.235007	7	97883653	71.2703016146302	ebi-met1400-GCST90200661	X-25422 levels	GCST90200661
rs4729399	0.124612	0.0147692	3.24853e-17	A	C	0.555563	7	97987498	71.1878357306906	ebi-met1400-GCST90200661	X-25422 levels	GCST90200661
rs147431999	0.419938	0.0499081	3.95537e-17	T	C	0.0211319	7	97729645	70.7991881764038	ebi-met1400-GCST90200661	X-25422 levels	GCST90200661
rs1229436	-0.12192	0.0144937	4.03271e-17	C	T	0.568798	7	97745095	70.7605781171684	ebi-met1400-GCST90200661	X-25422 levels	GCST90200661
rs12589461	-0.196365	0.0233481	4.08802e-17	G	A	0.106864	14	104121719	70.7334879834212	ebi-met1400-GCST90200661	X-25422 levels	GCST90200661
rs737394	0.188891	0.0225003	4.65617e-17	T	G	0.883066	14	104099585	70.4767574092485	ebi-met1400-GCST90200661	X-25422 levels	GCST90200661
rs1229434	-0.121443	0.0144892	5.21972e-17	T	C	0.567351	7	97736530	70.2515902636151	ebi-met1400-GCST90200661	X-25422 levels	GCST90200661
rs11625113	-0.198672	0.0237909	6.78445e-17	T	C	0.102578	14	104132896	69.7351251254036	ebi-met1400-GCST90200661	X-25422 levels	GCST90200661
rs1229533	0.14717	0.0176483	7.49114e-17	T	G	0.207588	7	97836773	69.5397018723836	ebi-met1400-GCST90200661	X-25422 levels	GCST90200661
rs7799577	0.123908	0.0148678	7.81672e-17	G	T	0.558751	7	97994082	69.4552811113442	ebi-met1400-GCST90200661	X-25422 levels	GCST90200661
rs1848855	0.146023	0.0175239	7.89508e-17	C	T	0.209207	7	97807866	69.4354094588976	ebi-met1400-GCST90200661	X-25422 levels	GCST90200661
rs141131136	0.411705	0.0494346	8.20245e-17	A	C	0.0214382	7	97725650	69.3601835751343	ebi-met1400-GCST90200661	X-25422 levels	GCST90200661
rs12587001	-0.197329	0.0237317	9.17518e-17	T	C	0.10306	14	104135840	69.1391650858475	ebi-met1400-GCST90200661	X-25422 levels	GCST90200661
rs6465627	0.145434	0.0175223	1.04192e-16	G	C	0.210292	7	97815120	68.8889673768743	ebi-met1400-GCST90200661	X-25422 levels	GCST90200661
rs1229539	0.146078	0.0176067	1.07033e-16	T	A	0.208344	7	97834149	68.8356946788888	ebi-met1400-GCST90200661	X-25422 levels	GCST90200661
rs7779913	0.123322	0.0148678	1.08944e-16	C	G	0.558122	7	97993560	68.7998827305188	ebi-met1400-GCST90200661	X-25422 levels	GCST90200661
rs199831956	0.145137	0.0175297	1.237e-16	T	C	0.209477	7	97815969	68.5499774699441	ebi-met1400-GCST90200661	X-25422 levels	GCST90200661
rs1848854	0.145002	0.0175228	1.28428e-16	T	C	0.209451	7	97807765	68.476408923763	ebi-met1400-GCST90200661	X-25422 levels	GCST90200661
rs138815561	0.144897	0.0175108	1.28741e-16	T	A	0.209823	7	97815878	68.4710222893538	ebi-met1400-GCST90200661	X-25422 levels	GCST90200661
rs1912447	0.144931	0.0175229	1.32915e-16	T	C	0.209451	7	97818303	68.4085858133034	ebi-met1400-GCST90200661	X-25422 levels	GCST90200661
rs1912446	0.144931	0.0175229	1.32915e-16	A	T	0.209451	7	97818319	68.4085858133034	ebi-met1400-GCST90200661	X-25422 levels	GCST90200661
rs1912445	0.144931	0.0175229	1.32915e-16	T	G	0.209451	7	97818416	68.4085858133034	ebi-met1400-GCST90200661	X-25422 levels	GCST90200661
rs2530133	0.144931	0.0175229	1.32915e-16	G	A	0.209451	7	97818798	68.4085858133034	ebi-met1400-GCST90200661	X-25422 levels	GCST90200661
rs2665450	0.144931	0.0175229	1.32915e-16	A	T	0.209451	7	97819497	68.4085858133034	ebi-met1400-GCST90200661	X-25422 levels	GCST90200661
rs2665445	0.144931	0.0175229	1.32915e-16	A	T	0.209451	7	97821045	68.4085858133034	ebi-met1400-GCST90200661	X-25422 levels	GCST90200661
rs201561367	0.144976	0.0175309	1.34276e-16	G	A	0.209441	7	97815946	68.3886138513872	ebi-met1400-GCST90200661	X-25422 levels	GCST90200661
rs6465620	0.144806	0.01753	1.45068e-16	G	A	0.20939	7	97809760	68.235327771575	ebi-met1400-GCST90200661	X-25422 levels	GCST90200661
rs2665439	0.144731	0.0175252	1.47578e-16	A	T	0.209294	7	97826348	68.2020077686369	ebi-met1400-GCST90200661	X-25422 levels	GCST90200661
rs7777928	0.144667	0.0175215	1.4992e-16	C	T	0.209461	7	97813195	68.1704851823462	ebi-met1400-GCST90200661	X-25422 levels	GCST90200661
rs35337729	0.214278	0.025962	1.53816e-16	T	C	0.0851185	7	97943639	68.1206647207817	ebi-met1400-GCST90200661	X-25422 levels	GCST90200661
rs6465618	0.144744	0.0175378	1.54134e-16	G	T	0.209402	7	97809492	68.1162787654841	ebi-met1400-GCST90200661	X-25422 levels	GCST90200661
rs139621111	0.144591	0.0175238	1.56871e-16	C	A	0.209477	7	97814479	68.0810032375499	ebi-met1400-GCST90200661	X-25422 levels	GCST90200661
rs62478704	-0.128859	0.0156189	1.58158e-16	T	C	0.316341	7	97882058	68.0657485069625	ebi-met1400-GCST90200661	X-25422 levels	GCST90200661
rs150621089	0.144656	0.0175442	1.64813e-16	C	T	0.209055	7	97814269	67.983851434642	ebi-met1400-GCST90200661	X-25422 levels	GCST90200661
rs6465624	0.144471	0.0175223	1.65212e-16	T	A	0.209573	7	97814940	67.9796829154872	ebi-met1400-GCST90200661	X-25422 levels	GCST90200661
rs36198366	0.144471	0.0175223	1.65212e-16	C	T	0.209573	7	97815400	67.9796829154872	ebi-met1400-GCST90200661	X-25422 levels	GCST90200661
rs201956391	0.144471	0.0175223	1.65212e-16	A	C	0.209573	7	97816043	67.9796829154872	ebi-met1400-GCST90200661	X-25422 levels	GCST90200661
rs56303544	0.144471	0.0175223	1.65212e-16	A	G	0.209573	7	97816844	67.9796829154872	ebi-met1400-GCST90200661	X-25422 levels	GCST90200661
rs2530135	0.144471	0.0175223	1.65212e-16	A	G	0.209573	7	97817041	67.9796829154872	ebi-met1400-GCST90200661	X-25422 levels	GCST90200661
rs1876990	0.144471	0.0175223	1.65212e-16	G	A	0.209573	7	97817940	67.9796829154872	ebi-met1400-GCST90200661	X-25422 levels	GCST90200661
rs7794728	0.144447	0.0175276	1.70671e-16	G	A	0.209522	7	97813252	67.9160072174051	ebi-met1400-GCST90200661	X-25422 levels	GCST90200661
rs6465623	0.144382	0.017523	1.72841e-16	A	G	0.209599	7	97814654	67.8905277878908	ebi-met1400-GCST90200661	X-25422 levels	GCST90200661
rs2530159	0.144362	0.0175213	1.73324e-16	G	T	0.209522	7	97808082	67.8848916199212	ebi-met1400-GCST90200661	X-25422 levels	GCST90200661
rs138795598	0.144358	0.0175283	1.78492e-16	A	C	0.209548	7	97812887	67.8269233453772	ebi-met1400-GCST90200661	X-25422 levels	GCST90200661
rs2665463	0.144251	0.017522	1.83254e-16	C	G	0.209548	7	97808243	67.7751227862699	ebi-met1400-GCST90200661	X-25422 levels	GCST90200661
rs2530153	0.144235	0.0175204	1.83484e-16	A	C	0.209644	7	97808960	67.7724652428652	ebi-met1400-GCST90200661	X-25422 levels	GCST90200661
rs2530158	0.144205	0.0175209	1.86485e-16	G	A	0.209583	7	97808128	67.7404092276305	ebi-met1400-GCST90200661	X-25422 levels	GCST90200661
rs2530155	0.144205	0.0175209	1.86485e-16	A	T	0.209583	7	97808463	67.7404092276305	ebi-met1400-GCST90200661	X-25422 levels	GCST90200661
rs34607609	0.144205	0.0175209	1.86485e-16	AG	A	0.209583	7	97808626	67.7404092276305	ebi-met1400-GCST90200661	X-25422 levels	GCST90200661
rs2530154	0.144205	0.0175209	1.86485e-16	C	T	0.209583	7	97808764	67.7404092276305	ebi-met1400-GCST90200661	X-25422 levels	GCST90200661
rs2530152	0.144205	0.0175209	1.86485e-16	C	T	0.209583	7	97809196	67.7404092276305	ebi-met1400-GCST90200661	X-25422 levels	GCST90200661
rs2530150	0.144205	0.0175209	1.86485e-16	T	C	0.209583	7	97809223	67.7404092276305	ebi-met1400-GCST90200661	X-25422 levels	GCST90200661
rs6465619	0.144205	0.0175209	1.86485e-16	A	G	0.209583	7	97809752	67.7404092276305	ebi-met1400-GCST90200661	X-25422 levels	GCST90200661
rs6465621	0.144205	0.0175209	1.86485e-16	A	G	0.209583	7	97809775	67.7404092276305	ebi-met1400-GCST90200661	X-25422 levels	GCST90200661
rs7779165	0.144205	0.0175209	1.86485e-16	A	G	0.209583	7	97809795	67.7404092276305	ebi-met1400-GCST90200661	X-25422 levels	GCST90200661
rs7779066	0.144205	0.0175209	1.86485e-16	T	C	0.209583	7	97809880	67.7404092276305	ebi-met1400-GCST90200661	X-25422 levels	GCST90200661
rs7779120	0.144205	0.0175209	1.86485e-16	T	A	0.209583	7	97810042	67.7404092276305	ebi-met1400-GCST90200661	X-25422 levels	GCST90200661
rs2530147	0.144205	0.0175209	1.86485e-16	G	A	0.209583	7	97810655	67.7404092276305	ebi-met1400-GCST90200661	X-25422 levels	GCST90200661
rs2530146	0.144205	0.0175209	1.86485e-16	C	T	0.209583	7	97810717	67.7404092276305	ebi-met1400-GCST90200661	X-25422 levels	GCST90200661
rs2530144	0.144205	0.0175209	1.86485e-16	C	T	0.209583	7	97811139	67.7404092276305	ebi-met1400-GCST90200661	X-25422 levels	GCST90200661
rs2665458	0.144205	0.0175209	1.86485e-16	A	G	0.209583	7	97811140	67.7404092276305	ebi-met1400-GCST90200661	X-25422 levels	GCST90200661
rs1828371	0.144205	0.0175209	1.86485e-16	G	A	0.209583	7	97811180	67.7404092276305	ebi-met1400-GCST90200661	X-25422 levels	GCST90200661
rs1828370	0.144205	0.0175209	1.86485e-16	A	G	0.209583	7	97811490	67.7404092276305	ebi-met1400-GCST90200661	X-25422 levels	GCST90200661
rs201328672	0.144205	0.0175209	1.86485e-16	TC	T	0.209583	7	97812292	67.7404092276305	ebi-met1400-GCST90200661	X-25422 levels	GCST90200661
rs148017844	0.144205	0.0175209	1.86485e-16	T	A	0.209583	7	97812559	67.7404092276305	ebi-met1400-GCST90200661	X-25422 levels	GCST90200661
rs7795305	0.144205	0.0175209	1.86485e-16	A	C	0.209583	7	97813516	67.7404092276305	ebi-met1400-GCST90200661	X-25422 levels	GCST90200661
rs2665457	0.144205	0.0175209	1.86485e-16	C	T	0.209583	7	97813675	67.7404092276305	ebi-met1400-GCST90200661	X-25422 levels	GCST90200661
rs145833426	0.144205	0.0175209	1.86485e-16	C	T	0.209583	7	97813937	67.7404092276305	ebi-met1400-GCST90200661	X-25422 levels	GCST90200661
rs138837574	0.144205	0.0175209	1.86485e-16	C	T	0.209583	7	97813949	67.7404092276305	ebi-met1400-GCST90200661	X-25422 levels	GCST90200661
rs2665454	0.144213	0.0175236	1.87773e-16	T	C	0.209538	7	97817010	67.7270501365856	ebi-met1400-GCST90200661	X-25422 levels	GCST90200661
rs147420170	0.144175	0.017522	1.90067e-16	T	C	0.209548	7	97812989	67.703725673887	ebi-met1400-GCST90200661	X-25422 levels	GCST90200661
rs191197874	0.144119	0.0175248	1.97277e-16	G	A	0.209502	7	97815735	67.6295253490083	ebi-met1400-GCST90200661	X-25422 levels	GCST90200661
rs3757674	-0.128354	0.0156106	1.99707e-16	T	G	0.316248	7	97873828	67.6051255455607	ebi-met1400-GCST90200661	X-25422 levels	GCST90200661
rs2665459	0.144076	0.0175232	2.0016e-16	G	A	0.209512	7	97810406	67.6015182281065	ebi-met1400-GCST90200661	X-25422 levels	GCST90200661
rs2665453	0.143818	0.0174938	2.01742e-16	T	C	0.21026	7	97817042	67.5862228125254	ebi-met1400-GCST90200661	X-25422 levels	GCST90200661
rs2665452	0.143983	0.0175239	2.09675e-16	G	C	0.209538	7	97817771	67.5088801599959	ebi-met1400-GCST90200661	X-25422 levels	GCST90200661
rs4568556	0.145228	0.0176861	2.18593e-16	T	A	0.206782	7	97855166	67.4274228159803	ebi-met1400-GCST90200661	X-25422 levels	GCST90200661
rs7797354	-0.120745	0.0147066	2.20723e-16	C	T	0.386512	7	97859421	67.4083584192893	ebi-met1400-GCST90200661	X-25422 levels	GCST90200661
rs10253639	-0.120742	0.0147065	2.20939e-16	C	A	0.386526	7	97859714	67.405925511289	ebi-met1400-GCST90200661	X-25422 levels	GCST90200661
rs6465622	0.14388	0.0175293	2.24999e-16	C	T	0.209487	7	97814642	67.3708010005388	ebi-met1400-GCST90200661	X-25422 levels	GCST90200661
rs117278725	0.143688	0.0175236	2.41034e-16	G	A	0.209512	7	97812644	67.2348340374593	ebi-met1400-GCST90200661	X-25422 levels	GCST90200661
rs142086273	0.143591	0.0175258	2.54535e-16	T	G	0.209355	7	97813752	67.1272317002585	ebi-met1400-GCST90200661	X-25422 levels	GCST90200661
rs2665465	0.143538	0.0175296	2.64923e-16	A	G	0.209487	7	97809244	67.0486084582155	ebi-met1400-GCST90200661	X-25422 levels	GCST90200661
rs10234646	-0.127694	0.0156082	2.80951e-16	A	G	0.316565	7	97874495	66.9322369821125	ebi-met1400-GCST90200661	X-25422 levels	GCST90200661
rs6465626	0.143424	0.0175385	2.89388e-16	G	C	0.209376	7	97815092	66.8742257387622	ebi-met1400-GCST90200661	X-25422 levels	GCST90200661
rs2665443	0.143583	0.0175629	2.94998e-16	A	T	0.208161	7	97821909	66.8364830661223	ebi-met1400-GCST90200661	X-25422 levels	GCST90200661
rs10953232	0.143531	0.0175613	3.00466e-16	G	C	0.208344	7	97820501	66.8002514510203	ebi-met1400-GCST90200661	X-25422 levels	GCST90200661
rs35663180	-0.191071	0.023383	3.04955e-16	TA	T	0.106391	14	104128445	66.7711865368833	ebi-met1400-GCST90200661	X-25422 levels	GCST90200661
rs11623299	-0.191599	0.0234661	3.21651e-16	A	G	0.106207	14	104119390	66.6660374562283	ebi-met1400-GCST90200661	X-25422 levels	GCST90200661
rs61391861	0.143112	0.0175343	3.30087e-16	CAT	C	0.209172	7	97810628	66.6154915068943	ebi-met1400-GCST90200661	X-25422 levels	GCST90200661
rs3757676	-0.126893	0.0155665	3.58931e-16	A	G	0.317776	7	97872723	66.4497541040145	ebi-met1400-GCST90200661	X-25422 levels	GCST90200661
rs11627783	-0.193508	0.0237616	3.83268e-16	T	C	0.10225	14	104100575	66.3203007720154	ebi-met1400-GCST90200661	X-25422 levels	GCST90200661
rs2906872	0.14285	0.0175436	3.87008e-16	A	C	0.208608	7	97820234	66.3014545110309	ebi-met1400-GCST90200661	X-25422 levels	GCST90200661
rs10953233	-0.127162	0.0156215	3.94726e-16	C	A	0.316507	7	97878054	66.2627160754278	ebi-met1400-GCST90200661	X-25422 levels	GCST90200661
rs757347768	-0.190587	0.0234212	4.03924e-16	T	TTTTA	0.106094	14	104130199	66.2168111935178	ebi-met1400-GCST90200661	X-25422 levels	GCST90200661
rs2530126	0.143502	0.0176361	4.05739e-16	T	C	0.207547	7	97832354	66.2080508349982	ebi-met1400-GCST90200661	X-25422 levels	GCST90200661
rs4729384	0.142719	0.0175523	4.25667e-16	T	C	0.20845	7	97820438	66.1143179109595	ebi-met1400-GCST90200661	X-25422 levels	GCST90200661
rs6979059	0.142208	0.0174936	4.32483e-16	A	G	0.21001	7	97809435	66.0829882338128	ebi-met1400-GCST90200661	X-25422 levels	GCST90200661
rs2530129	0.142641	0.0175525	4.41755e-16	C	A	0.208623	7	97821646	66.0405659323736	ebi-met1400-GCST90200661	X-25422 levels	GCST90200661
rs2530148	0.142593	0.0175503	4.47993e-16	T	C	0.208694	7	97810431	66.0126736945475	ebi-met1400-GCST90200661	X-25422 levels	GCST90200661
rs2530128	0.142603	0.0175541	4.52517e-16	A	G	0.208526	7	97821888	65.9933519902171	ebi-met1400-GCST90200661	X-25422 levels	GCST90200661
rs2530132	0.142565	0.017552	4.56794e-16	G	A	0.208511	7	97819414	65.9739696542541	ebi-met1400-GCST90200661	X-25422 levels	GCST90200661
rs2665448	0.142565	0.017552	4.56794e-16	G	A	0.208511	7	97819774	65.9739696542541	ebi-met1400-GCST90200661	X-25422 levels	GCST90200661
rs2941405	0.142565	0.017552	4.56794e-16	T	C	0.208511	7	97820144	65.9739696542541	ebi-met1400-GCST90200661	X-25422 levels	GCST90200661
rs2665447	0.142565	0.017552	4.56794e-16	G	A	0.208511	7	97820756	65.9739696542541	ebi-met1400-GCST90200661	X-25422 levels	GCST90200661
rs2665446	0.142565	0.017552	4.56794e-16	A	C	0.208511	7	97820926	65.9739696542541	ebi-met1400-GCST90200661	X-25422 levels	GCST90200661
rs150506111	0.142424	0.0175473	4.79458e-16	T	C	0.208415	7	97826942	65.8788114729808	ebi-met1400-GCST90200661	X-25422 levels	GCST90200661
rs2941403	0.142478	0.0175542	4.80041e-16	T	C	0.20844	7	97820296	65.8769579493334	ebi-met1400-GCST90200661	X-25422 levels	GCST90200661
rs7803035	-0.126695	0.0156116	4.84096e-16	C	T	0.316598	7	97876132	65.8603631664708	ebi-met1400-GCST90200661	X-25422 levels	GCST90200661
rs2665444	0.142442	0.0175526	4.85218e-16	G	C	0.208537	7	97821253	65.8556762682102	ebi-met1400-GCST90200661	X-25422 levels	GCST90200661
rs2665449	0.14235	0.0175527	5.06864e-16	G	T	0.20845	7	97819677	65.7698850124103	ebi-met1400-GCST90200661	X-25422 levels	GCST90200661
rs2136704	0.142104	0.0175513	5.65777e-16	G	A	0.208633	7	97817390	65.5532195738863	ebi-met1400-GCST90200661	X-25422 levels	GCST90200661
rs7808810	-0.126333	0.0156093	5.80028e-16	G	A	0.316982	7	97879570	65.5038405210685	ebi-met1400-GCST90200661	X-25422 levels	GCST90200661
rs2530149	0.141829	0.0175505	6.41326e-16	T	C	0.208669	7	97810418	65.3057007966643	ebi-met1400-GCST90200661	X-25422 levels	GCST90200661
rs7795676	0.141829	0.0175505	6.41326e-16	A	G	0.208669	7	97813573	65.3057007966643	ebi-met1400-GCST90200661	X-25422 levels	GCST90200661
rs148070984	0.302178	0.03741	6.61354e-16	G	A	0.0385041	7	97814208	65.2454556597422	ebi-met1400-GCST90200661	X-25422 levels	GCST90200661
rs138331421	-0.189922	0.0235352	7.04621e-16	AT	A	0.105289	14	104126160	65.1200557310001	ebi-met1400-GCST90200661	X-25422 levels	GCST90200661
rs2941404	0.141449	0.0175623	8.00359e-16	G	T	0.208379	7	97820295	64.8689666739455	ebi-met1400-GCST90200661	X-25422 levels	GCST90200661
rs150672007	0.141315	0.017563	8.54132e-16	C	T	0.208404	7	97816430	64.7409582212538	ebi-met1400-GCST90200661	X-25422 levels	GCST90200661
rs7792744	-0.118547	0.0147422	8.88712e-16	C	T	0.379378	7	97858659	64.6631025788002	ebi-met1400-GCST90200661	X-25422 levels	GCST90200661
rs750062	0.148482	0.0185259	1.10288e-15	G	A	0.811324	14	104115423	64.2375526256426	ebi-met1400-GCST90200661	X-25422 levels	GCST90200661
rs4727383	0.152126	0.0192647	2.86516e-15	A	G	0.813174	7	97941373	62.3565948699525	ebi-met1400-GCST90200661	X-25422 levels	GCST90200661
rs62478996	-0.184271	0.0234564	3.96917e-15	A	G	0.110118	7	97924661	61.7150758834036	ebi-met1400-GCST90200661	X-25422 levels	GCST90200661
rs117626603	0.384662	0.0494613	7.42521e-15	C	T	0.0214408	7	97696892	60.4821912375126	ebi-met1400-GCST90200661	X-25422 levels	GCST90200661
rs61198277	-0.225949	0.0292603	1.14487e-14	G	A	0.0663085	7	97942256	59.6297924972239	ebi-met1400-GCST90200661	X-25422 levels	GCST90200661
rs775570780	0.158172	0.0205045	1.21949e-14	A	AC	0.146454	7	97897010	59.5060119447935	ebi-met1400-GCST90200661	X-25422 levels	GCST90200661
rs3735259	-0.224714	0.0291838	1.36104e-14	A	G	0.0663022	7	97972259	59.2893351124391	ebi-met1400-GCST90200661	X-25422 levels	GCST90200661
rs74402204	0.246996	0.0321791	1.64563e-14	C	A	0.0529304	7	97676895	58.9158371988053	ebi-met1400-GCST90200661	X-25422 levels	GCST90200661
rs200803386	-0.198409	0.0258725	1.73685e-14	C	T	0.0884314	7	97909880	58.8092912178013	ebi-met1400-GCST90200661	X-25422 levels	GCST90200661
rs558166428	0.298755	0.0390476	1.9936e-14	G	A	0.0352521	7	97701799	58.5385112466969	ebi-met1400-GCST90200661	X-25422 levels	GCST90200661
rs56242627	-0.114748	0.0150892	2.85707e-14	C	T	0.4243	7	97996012	57.8306161677391	ebi-met1400-GCST90200661	X-25422 levels	GCST90200661
rs2237287	-0.111619	0.0147784	4.25826e-14	T	G	0.384958	7	97857527	57.0455038311689	ebi-met1400-GCST90200661	X-25422 levels	GCST90200661
rs183031696	0.362421	0.0480471	4.59161e-14	T	C	0.0231131	7	97906140	56.8973905287522	ebi-met1400-GCST90200661	X-25422 levels	GCST90200661
rs7810919	0.113412	0.0150858	5.56966e-14	C	T	0.642174	7	97865410	56.517289690648	ebi-met1400-GCST90200661	X-25422 levels	GCST90200661
rs151184758	0.18734	0.0249998	6.69811e-14	G	A	0.0932652	7	97955923	56.1549394354371	ebi-met1400-GCST90200661	X-25422 levels	GCST90200661
rs10278321	0.112826	0.0150806	7.34685e-14	T	C	0.641973	7	97865368	55.9733295214145	ebi-met1400-GCST90200661	X-25422 levels	GCST90200661
rs2394741	0.112674	0.0150852	8.06907e-14	C	T	0.642008	7	97866129	55.7885764580672	ebi-met1400-GCST90200661	X-25422 levels	GCST90200661
rs2074891	-0.110234	0.0147819	8.82582e-14	C	T	0.386704	7	97856901	55.612268836818	ebi-met1400-GCST90200661	X-25422 levels	GCST90200661
rs11628529	-0.162161	0.0218634	1.19792e-13	A	G	0.122599	14	104140944	55.011999050404	ebi-met1400-GCST90200661	X-25422 levels	GCST90200661
rs10263979	-0.114292	0.0154228	1.25713e-13	T	G	0.31974	7	97866867	54.9167985471399	ebi-met1400-GCST90200661	X-25422 levels	GCST90200661
rs6465614	-0.106333	0.0143972	1.51711e-13	G	A	0.543829	7	97754436	54.5481540532664	ebi-met1400-GCST90200661	X-25422 levels	GCST90200661
rs11626880	-0.159404	0.0216423	1.7659e-13	T	C	0.126752	14	104144989	54.2489834670952	ebi-met1400-GCST90200661	X-25422 levels	GCST90200661
rs2394738	-0.105745	0.0143971	2.05964e-13	T	G	0.534653	7	97751698	53.9472909386694	ebi-met1400-GCST90200661	X-25422 levels	GCST90200661
rs10261265	-0.11349	0.0154695	2.19417e-13	G	C	0.31749	7	97861245	53.8223478110982	ebi-met1400-GCST90200661	X-25422 levels	GCST90200661
rs6961709	-0.105436	0.014376	2.23182e-13	C	T	0.534166	7	97749726	53.7900211011427	ebi-met1400-GCST90200661	X-25422 levels	GCST90200661
rs10261245	-0.113243	0.0154627	2.41329e-13	T	C	0.317674	7	97861170	53.6354677120733	ebi-met1400-GCST90200661	X-25422 levels	GCST90200661
rs1966346	-0.105184	0.0143752	2.53523e-13	C	A	0.534343	7	97749670	53.5391625130537	ebi-met1400-GCST90200661	X-25422 levels	GCST90200661
rs1034696	-0.105114	0.0143949	2.83129e-13	G	T	0.544536	7	97755110	53.3216796750279	ebi-met1400-GCST90200661	X-25422 levels	GCST90200661
rs6465611	-0.105089	0.0143987	2.90924e-13	G	A	0.534899	7	97752825	53.2681915126688	ebi-met1400-GCST90200661	X-25422 levels	GCST90200661
rs6465609	-0.105057	0.0143997	2.96891e-13	C	T	0.535146	7	97750375	53.2283619659377	ebi-met1400-GCST90200661	X-25422 levels	GCST90200661
rs6971265	-0.104702	0.0143816	3.33264e-13	A	T	0.535837	7	97751073	53.0024010990427	ebi-met1400-GCST90200661	X-25422 levels	GCST90200661
rs6465612	-0.104804	0.0144005	3.39335e-13	A	T	0.534851	7	97752878	52.966414382674	ebi-met1400-GCST90200661	X-25422 levels	GCST90200661
rs6465610	-0.104731	0.0143959	3.46282e-13	C	T	0.53501	7	97750532	52.9264613612255	ebi-met1400-GCST90200661	X-25422 levels	GCST90200661
rs117546412	0.182704	0.0251332	3.60985e-13	T	C	0.0922815	7	97956890	52.844590498991	ebi-met1400-GCST90200661	X-25422 levels	GCST90200661
rs6979627	-0.104327	0.0143551	3.65956e-13	T	C	0.535275	7	97749750	52.8178834348286	ebi-met1400-GCST90200661	X-25422 levels	GCST90200661
rs6945396	-0.104285	0.0143556	3.74666e-13	G	A	0.535403	7	97749892	52.7716888841306	ebi-met1400-GCST90200661	X-25422 levels	GCST90200661
rs143966294	0.231142	0.03182	3.75629e-13	A	G	0.0553622	7	97692946	52.7663899859399	ebi-met1400-GCST90200661	X-25422 levels	GCST90200661
rs34563573	-0.104171	0.0143603	4.04285e-13	TA	T	0.535231	7	97749864	52.6219140420846	ebi-met1400-GCST90200661	X-25422 levels	GCST90200661
rs74882275	-0.192322	0.0268755	8.30438e-13	T	C	0.0803628	7	97899930	51.2088269934933	ebi-met1400-GCST90200661	X-25422 levels	GCST90200661
rs17268494	0.177546	0.0248144	8.3709e-13	T	C	0.0941828	7	97658428	51.1934298666468	ebi-met1400-GCST90200661	X-25422 levels	GCST90200661
rs11767728	0.182474	0.025552	9.24731e-13	T	C	0.0885541	7	97985186	50.9978875508301	ebi-met1400-GCST90200661	X-25422 levels	GCST90200661
rs1510303	-0.101038	0.0143321	1.79209e-12	A	G	0.521954	7	97744357	49.6992485757242	ebi-met1400-GCST90200661	X-25422 levels	GCST90200661
rs1510301	-0.101059	0.0143755	2.06617e-12	G	C	0.520284	7	97743055	49.4201517923349	ebi-met1400-GCST90200661	X-25422 levels	GCST90200661
rs1848845	-0.100979	0.0143788	2.17549e-12	A	C	0.520164	7	97743083	49.3192933191829	ebi-met1400-GCST90200661	X-25422 levels	GCST90200661
rs1912442	-0.100949	0.014375	2.17901e-12	A	G	0.520032	7	97744913	49.3160558384877	ebi-met1400-GCST90200661	X-25422 levels	GCST90200661
rs6947691	-0.100949	0.014375	2.17901e-12	A	G	0.520032	7	97745135	49.3160558384877	ebi-met1400-GCST90200661	X-25422 levels	GCST90200661
rs6967888	-0.100927	0.0143753	2.20473e-12	C	T	0.520157	7	97745307	49.2925056566316	ebi-met1400-GCST90200661	X-25422 levels	GCST90200661
rs6948184	-0.100679	0.0143758	2.49898e-12	A	G	0.520279	7	97745469	49.0471461032866	ebi-met1400-GCST90200661	X-25422 levels	GCST90200661
rs10247565	-0.100722	0.0143896	2.56594e-12	G	T	0.519375	7	97743281	48.9949409211608	ebi-met1400-GCST90200661	X-25422 levels	GCST90200661
rs1912444	-0.100504	0.0143773	2.74001e-12	A	G	0.520098	7	97746227	48.8665888148101	ebi-met1400-GCST90200661	X-25422 levels	GCST90200661
rs6948180	-0.100413	0.0143741	2.83498e-12	A	G	0.520216	7	97745463	48.7998583328253	ebi-met1400-GCST90200661	X-25422 levels	GCST90200661
rs10256060	-0.100413	0.0143741	2.83498e-12	C	A	0.520216	7	97747479	48.7998583328253	ebi-met1400-GCST90200661	X-25422 levels	GCST90200661
rs6955894	-0.100413	0.0143741	2.83498e-12	C	T	0.520216	7	97748408	48.7998583328253	ebi-met1400-GCST90200661	X-25422 levels	GCST90200661
rs2107139	-0.100413	0.0143741	2.83498e-12	G	A	0.520216	7	97748769	48.7998583328253	ebi-met1400-GCST90200661	X-25422 levels	GCST90200661
rs1912441	-0.100372	0.0143774	2.92645e-12	T	G	0.520093	7	97744862	48.7376342696729	ebi-met1400-GCST90200661	X-25422 levels	GCST90200661
rs6979730	-0.100258	0.0143683	2.99975e-12	G	C	0.520696	7	97743838	48.6886013832475	ebi-met1400-GCST90200661	X-25422 levels	GCST90200661
rs7787035	-0.100092	0.0143636	3.20503e-12	A	C	0.520882	7	97746605	48.5592678267779	ebi-met1400-GCST90200661	X-25422 levels	GCST90200661
rs6465613	-0.100461	0.0144271	3.32387e-12	C	T	0.539768	7	97753100	48.488294591766	ebi-met1400-GCST90200661	X-25422 levels	GCST90200661
rs6967620	-0.0999733	0.0143605	3.36185e-12	G	A	0.521004	7	97747148	48.4650799100829	ebi-met1400-GCST90200661	X-25422 levels	GCST90200661
rs1510302	-0.0996587	0.0143543	3.84401e-12	T	C	0.521228	7	97744254	48.2021487076947	ebi-met1400-GCST90200661	X-25422 levels	GCST90200661
rs10244679	-0.0996587	0.0143543	3.84401e-12	C	G	0.521228	7	97746353	48.2021487076947	ebi-met1400-GCST90200661	X-25422 levels	GCST90200661
rs1890986	0.100925	0.0145602	4.16273e-12	T	C	0.543465	14	104108873	48.0466193298626	ebi-met1400-GCST90200661	X-25422 levels	GCST90200661
rs1912443	-0.0994719	0.0143639	4.35591e-12	G	A	0.522218	7	97745804	47.9574498090243	ebi-met1400-GCST90200661	X-25422 levels	GCST90200661
rs2107138	-0.0992501	0.0143623	4.83026e-12	G	A	0.521486	7	97748900	47.7544577407085	ebi-met1400-GCST90200661	X-25422 levels	GCST90200661
rs117825190	0.252457	0.036646	5.61506e-12	T	C	0.040866	7	97585769	47.4593383952905	ebi-met1400-GCST90200661	X-25422 levels	GCST90200661
rs6465607	-0.0996918	0.0145209	6.62951e-12	C	G	0.518384	7	97725638	47.1337295850373	ebi-met1400-GCST90200661	X-25422 levels	GCST90200661
rs13245475	0.208492	0.0304011	6.98009e-12	A	G	0.060061	7	97971740	47.032730758805	ebi-met1400-GCST90200661	X-25422 levels	GCST90200661
rs34839045	0.102571	0.0149727	7.35675e-12	A	G	0.548963	14	104136934	46.9298248498795	ebi-met1400-GCST90200661	X-25422 levels	GCST90200661
rs2072100	-0.0984732	0.0144938	1.08956e-11	T	C	0.518823	7	97732472	46.1606136607001	ebi-met1400-GCST90200661	X-25422 levels	GCST90200661
rs2237288	-0.104311	0.0154675	1.54217e-11	A	G	0.322815	7	97857862	45.4799489338388	ebi-met1400-GCST90200661	X-25422 levels	GCST90200661
rs75657174	0.223264	0.0332164	1.79858e-11	T	A	0.0505126	7	97594232	45.178549056464	ebi-met1400-GCST90200661	X-25422 levels	GCST90200661
rs142788971	0.10423	0.0155989	2.3588e-11	T	A	0.35548	7	97910081	44.6475392403156	ebi-met1400-GCST90200661	X-25422 levels	GCST90200661
rs117633706	0.233001	0.0349776	2.71186e-11	A	G	0.0457508	7	97565087	44.3747128859995	ebi-met1400-GCST90200661	X-25422 levels	GCST90200661
rs34878411	0.100011	0.0150177	2.74702e-11	G	C	0.642796	14	104103779	44.3494961967372	ebi-met1400-GCST90200661	X-25422 levels	GCST90200661
rs8019465	0.0992527	0.014963	3.28434e-11	A	G	0.64345	14	104106330	43.9994560812659	ebi-met1400-GCST90200661	X-25422 levels	GCST90200661
rs61997625	0.100959	0.015222	3.30094e-11	T	C	0.606838	14	104118926	43.9892588896006	ebi-met1400-GCST90200661	X-25422 levels	GCST90200661
rs12588393	0.0991684	0.0149642	3.42432e-11	A	G	0.550996	14	104137798	43.9177017044773	ebi-met1400-GCST90200661	X-25422 levels	GCST90200661
rs56243036	0.100006	0.0151115	3.64452e-11	T	C	0.630538	14	104114057	43.7962536951761	ebi-met1400-GCST90200661	X-25422 levels	GCST90200661
rs142074546	-0.186623	0.0283085	4.32567e-11	A	C	0.0719654	7	97890350	43.4606900460538	ebi-met1400-GCST90200661	X-25422 levels	GCST90200661
rs13246189	0.102752	0.015611	4.64105e-11	G	A	0.355585	7	97931704	43.3230596147682	ebi-met1400-GCST90200661	X-25422 levels	GCST90200661
rs71108244	0.116888	0.0178113	5.28966e-11	CAA	C	0.230867	7	97883214	43.0673964539788	ebi-met1400-GCST90200661	X-25422 levels	GCST90200661
rs9801627	0.101965	0.0156105	6.49691e-11	A	G	0.355193	7	97925967	42.6646925047382	ebi-met1400-GCST90200661	X-25422 levels	GCST90200661
rs13237505	0.101558	0.0155839	7.18038e-11	A	G	0.354843	7	97939296	42.4693851786391	ebi-met1400-GCST90200661	X-25422 levels	GCST90200661
rs34351800	0.0994655	0.0152846	7.63752e-11	T	C	0.636931	14	104132216	42.3483783875429	ebi-met1400-GCST90200661	X-25422 levels	GCST90200661
rs12588869	0.0995154	0.0152967	7.73358e-11	A	G	0.637282	14	104121011	42.3238422736817	ebi-met1400-GCST90200661	X-25422 levels	GCST90200661
rs35498035	0.101502	0.0156133	7.9779e-11	A	G	0.354921	7	97923475	42.2629482868424	ebi-met1400-GCST90200661	X-25422 levels	GCST90200661
rs13246390	0.101341	0.0156011	8.26126e-11	A	C	0.355978	7	97931818	42.1948968650714	ebi-met1400-GCST90200661	X-25422 levels	GCST90200661
rs34362765	0.0977644	0.0150786	8.95218e-11	A	G	0.630704	14	104110111	42.0377475164162	ebi-met1400-GCST90200661	X-25422 levels	GCST90200661
rs4900609	0.0989615	0.0152927	9.72505e-11	T	C	0.637097	14	104126919	41.8759045249085	ebi-met1400-GCST90200661	X-25422 levels	GCST90200661
rs2004855	0.100733	0.0156241	1.13877e-10	C	T	0.355313	7	97929912	41.5674627695442	ebi-met1400-GCST90200661	X-25422 levels	GCST90200661
rs1616542	0.103466	0.0160771	1.22978e-10	G	A	0.724136	14	104096681	41.4171196796329	ebi-met1400-GCST90200661	X-25422 levels	GCST90200661
rs7156718	0.0969035	0.0151296	1.50481e-10	T	C	0.643213	14	104097537	41.0226804758008	ebi-met1400-GCST90200661	X-25422 levels	GCST90200661
rs34309041	0.0975293	0.015302	1.8461e-10	G	C	0.638021	14	104129127	40.623170822944	ebi-met1400-GCST90200661	X-25422 levels	GCST90200661
rs117400919	0.342896	0.0538417	1.90759e-10	T	C	0.0176319	7	97674714	40.5590066714579	ebi-met1400-GCST90200661	X-25422 levels	GCST90200661
rs140150286	0.340516	0.0536718	2.23292e-10	A	G	0.01775	7	97669732	40.2515607931129	ebi-met1400-GCST90200661	X-25422 levels	GCST90200661
rs6465608	-0.0918296	0.0145082	2.45977e-10	A	G	0.528128	7	97727396	40.0625249651325	ebi-met1400-GCST90200661	X-25422 levels	GCST90200661
rs1770983	0.101887	0.0161543	2.84256e-10	C	T	0.722106	14	104095661	39.7796778806005	ebi-met1400-GCST90200661	X-25422 levels	GCST90200661
rs7350032	-0.0911288	0.0145003	3.28649e-10	G	A	0.528301	7	97726527	39.4963831978668	ebi-met1400-GCST90200661	X-25422 levels	GCST90200661
rs13241023	0.114464	0.0182293	3.40529e-10	T	C	0.194107	7	97882517	39.4273740039578	ebi-met1400-GCST90200661	X-25422 levels	GCST90200661
rs35432379	0.0896459	0.0144376	5.32595e-10	C	G	0.548939	14	104097345	38.5541251422454	ebi-met1400-GCST90200661	X-25422 levels	GCST90200661
rs941952	0.101259	0.0163433	5.80052e-10	C	T	0.722937	14	104093286	38.3873173232544	ebi-met1400-GCST90200661	X-25422 levels	GCST90200661
rs1744286	0.103311	0.0166988	6.14274e-10	G	A	0.734617	14	104094675	38.2756526015251	ebi-met1400-GCST90200661	X-25422 levels	GCST90200661
rs35058078	0.169103	0.0274529	7.28556e-10	C	T	0.0750308	7	97689406	37.9425197147184	ebi-met1400-GCST90200661	X-25422 levels	GCST90200661
rs12667967	0.110461	0.0181889	1.25574e-09	T	C	0.194524	7	97880854	36.8812023241581	ebi-met1400-GCST90200661	X-25422 levels	GCST90200661
rs749784213	0.110567	0.0182629	1.41108e-09	T	TAAG	0.193651	7	97882760	36.6531724325186	ebi-met1400-GCST90200661	X-25422 levels	GCST90200661
rs61997636	-0.120602	0.0199435	1.47377e-09	A	G	0.152254	14	104147826	36.5684257767457	ebi-met1400-GCST90200661	X-25422 levels	GCST90200661
rs549040396	0.092885	0.015361	1.47757e-09	CG	C	0.636888	14	104137820	36.5638730632173	ebi-met1400-GCST90200661	X-25422 levels	GCST90200661
rs941954	0.0878013	0.0145379	1.54628e-09	G	A	0.576282	14	104096475	36.4752718996423	ebi-met1400-GCST90200661	X-25422 levels	GCST90200661
rs79462677	-0.151509	0.0251824	1.78261e-09	C	G	0.0875779	14	104154009	36.1978376137483	ebi-met1400-GCST90200661	X-25422 levels	GCST90200661
rs10486008	-0.111702	0.0185994	1.90547e-09	G	A	0.179878	7	97756032	36.0681634652099	ebi-met1400-GCST90200661	X-25422 levels	GCST90200661
rs73149046	0.328907	0.0548365	1.99818e-09	T	C	0.0170122	7	97608939	35.9754949486701	ebi-met1400-GCST90200661	X-25422 levels	GCST90200661
rs10268482	0.160872	0.0268242	2.0067e-09	T	C	0.0793426	7	97692584	35.9672608970241	ebi-met1400-GCST90200661	X-25422 levels	GCST90200661
rs6949338	0.107932	0.0181246	2.60056e-09	T	C	0.198208	7	97881488	35.4620295998258	ebi-met1400-GCST90200661	X-25422 levels	GCST90200661
rs12588775	-0.151695	0.0256623	3.39656e-09	T	C	0.0851743	14	104150758	34.9422910788625	ebi-met1400-GCST90200661	X-25422 levels	GCST90200661
rs1510300	-0.112133	0.0189827	3.48141e-09	G	C	0.172113	7	97739437	34.8940126578732	ebi-met1400-GCST90200661	X-25422 levels	GCST90200661
rs61997639	-0.148068	0.0251211	3.76543e-09	T	C	0.0879302	14	104154369	34.7412240401452	ebi-met1400-GCST90200661	X-25422 levels	GCST90200661
rs2072099	-0.112554	0.0191809	4.40984e-09	T	G	0.169467	7	97733023	34.4337169585552	ebi-met1400-GCST90200661	X-25422 levels	GCST90200661
rs58369344	-0.14886	0.0253807	4.48962e-09	G	C	0.0873757	14	104149851	34.3992392224109	ebi-met1400-GCST90200661	X-25422 levels	GCST90200661
rs56685852	-0.148499	0.0254512	5.39029e-09	T	C	0.0868844	14	104150118	34.0432121113968	ebi-met1400-GCST90200661	X-25422 levels	GCST90200661
rs116871908	-0.174782	0.030008	5.72752e-09	T	C	0.0632316	7	97904192	33.9249570815596	ebi-met1400-GCST90200661	X-25422 levels	GCST90200661
rs78377407	-0.110461	0.0189677	5.75925e-09	C	G	0.17246	7	97739107	33.9147481995081	ebi-met1400-GCST90200661	X-25422 levels	GCST90200661
rs554006478	0.447272	0.0768424	5.86224e-09	T	C	0.00891658	7	97943084	33.8798580182601	ebi-met1400-GCST90200661	X-25422 levels	GCST90200661
rs7800746	-0.10844	0.0186382	5.95019e-09	A	G	0.181498	7	97842226	33.850967235617	ebi-met1400-GCST90200661	X-25422 levels	GCST90200661
rs2887436	0.08838	0.0152238	6.42176e-09	T	C	0.637614	14	104141461	33.7024796204659	ebi-met1400-GCST90200661	X-25422 levels	GCST90200661
rs3779470	-0.110756	0.0190892	6.55144e-09	A	G	0.170333	7	97736619	33.6634845993736	ebi-met1400-GCST90200661	X-25422 levels	GCST90200661
rs4602814	-0.110846	0.0191083	6.59516e-09	T	C	0.17021	7	97738663	33.6508430730755	ebi-met1400-GCST90200661	X-25422 levels	GCST90200661
rs183974417	0.749718	0.129255	6.61905e-09	G	A	0.00311051	7	97995128	33.6435001490653	ebi-met1400-GCST90200661	X-25422 levels	GCST90200661
rs4526299	-0.110677	0.019097	6.81167e-09	T	C	0.170312	7	97738317	33.588024490322	ebi-met1400-GCST90200661	X-25422 levels	GCST90200661
rs1034694	-0.108091	0.0186608	6.93861e-09	A	G	0.178939	7	97755199	33.5520107970703	ebi-met1400-GCST90200661	X-25422 levels	GCST90200661
rs28740842	-0.110525	0.0190858	6.99851e-09	A	T	0.170414	7	97738034	33.5351543875372	ebi-met1400-GCST90200661	X-25422 levels	GCST90200661
rs62497287	-0.107483	0.0185607	7.00026e-09	T	G	0.183175	7	97807861	33.5344244496044	ebi-met1400-GCST90200661	X-25422 levels	GCST90200661
rs4598190	-0.110514	0.0190927	7.11153e-09	T	C	0.170475	7	97738647	33.5042498990855	ebi-met1400-GCST90200661	X-25422 levels	GCST90200661
rs28475844	-0.110535	0.0190989	7.14402e-09	A	T	0.170272	7	97737555	33.4952267040292	ebi-met1400-GCST90200661	X-25422 levels	GCST90200661
rs78145257	-0.110392	0.0190841	7.27214e-09	A	G	0.170455	7	97737020	33.4604545262813	ebi-met1400-GCST90200661	X-25422 levels	GCST90200661
rs28674851	-0.110392	0.0190841	7.27214e-09	T	C	0.170455	7	97737857	33.4604545262813	ebi-met1400-GCST90200661	X-25422 levels	GCST90200661
rs12532490	-0.110298	0.0190728	7.33807e-09	C	T	0.170556	7	97740079	33.443087544608	ebi-met1400-GCST90200661	X-25422 levels	GCST90200661
rs12534885	-0.110298	0.0190728	7.33807e-09	G	A	0.170556	7	97740184	33.443087544608	ebi-met1400-GCST90200661	X-25422 levels	GCST90200661
rs75945389	-0.110336	0.0190823	7.37795e-09	G	T	0.170495	7	97737284	33.4328217151552	ebi-met1400-GCST90200661	X-25422 levels	GCST90200661
rs76993791	-0.110252	0.019086	7.62353e-09	C	T	0.170414	7	97738421	33.3689940014505	ebi-met1400-GCST90200661	X-25422 levels	GCST90200661
rs78453589	-0.110117	0.0190843	7.92476e-09	G	T	0.170455	7	97736210	33.2932561607279	ebi-met1400-GCST90200661	X-25422 levels	GCST90200661
rs2011069	0.0877008	0.0152226	8.35049e-09	G	A	0.638742	14	104141731	33.1916955727289	ebi-met1400-GCST90200661	X-25422 levels	GCST90200661
rs6962960	-0.106895	0.0185813	8.77742e-09	A	G	0.182867	7	97783575	33.0950158076088	ebi-met1400-GCST90200661	X-25422 levels	GCST90200661
rs190898853	0.905967	0.158147	1.0125e-08	T	C	0.00207646	9	90649799	32.8172995809901	ebi-met1400-GCST90200661	X-25422 levels	GCST90200661
rs1510304	-0.105097	0.0185649	1.5042e-08	A	G	0.182967	7	97823215	32.047592520962	ebi-met1400-GCST90200661	X-25422 levels	GCST90200661
rs1237992	-0.0884247	0.0156309	1.54008e-08	G	A	0.325459	7	97723581	32.0021547369078	ebi-met1400-GCST90200661	X-25422 levels	GCST90200661
rs62499605	-0.105947	0.0187458	1.588e-08	T	C	0.177951	7	97765127	31.9425342426365	ebi-met1400-GCST90200661	X-25422 levels	GCST90200661
rs76172068	-0.107398	0.019039	1.69144e-08	A	T	0.17113	7	97741321	31.820289022187	ebi-met1400-GCST90200661	X-25422 levels	GCST90200661
rs12155264	-0.105299	0.0187169	1.84588e-08	T	C	0.178094	7	97763641	31.650505712655	ebi-met1400-GCST90200661	X-25422 levels	GCST90200661
rs28576085	0.0929748	0.0165469	1.92231e-08	G	A	0.73833	7	97857818	31.5716457433072	ebi-met1400-GCST90200661	X-25422 levels	GCST90200661
rs79910921	2.10405	0.375855	2.16795e-08	C	T	0.000365943	3	158879808	31.3380123959508	ebi-met1400-GCST90200661	X-25422 levels	GCST90200661
rs76707087	2.10405	0.375855	2.16795e-08	C	T	0.000365943	3	158887083	31.3380123959508	ebi-met1400-GCST90200661	X-25422 levels	GCST90200661
rs149043985	2.10405	0.375855	2.16795e-08	T	G	0.000365943	3	158888851	31.3380123959508	ebi-met1400-GCST90200661	X-25422 levels	GCST90200661
rs67565648	0.153598	0.0276147	2.66411e-08	T	G	0.0745468	7	97626557	30.9378737271289	ebi-met1400-GCST90200661	X-25422 levels	GCST90200661
rs2523124	-0.083836	0.0151103	2.88498e-08	C	T	0.623562	7	97719124	30.7832822351192	ebi-met1400-GCST90200661	X-25422 levels	GCST90200661
rs180992689	0.890609	0.160536	2.89392e-08	T	C	0.00201367	7	97716746	30.7772125474533	ebi-met1400-GCST90200661	X-25422 levels	GCST90200661
rs58089327	0.152178	0.0275106	3.17306e-08	T	A	0.075037	7	97623597	30.5987453585203	ebi-met1400-GCST90200661	X-25422 levels	GCST90200661
rs7801193	0.152116	0.0275021	3.18299e-08	G	C	0.0750986	7	97626155	30.5927191563948	ebi-met1400-GCST90200661	X-25422 levels	GCST90200661
rs1049674	0.090888	0.0164885	3.54354e-08	T	A	0.737956	7	97859257	30.3844092156445	ebi-met1400-GCST90200661	X-25422 levels	GCST90200661
rs2394762	0.0915205	0.016641	3.8046e-08	A	G	0.740265	7	97881077	30.2466950004395	ebi-met1400-GCST90200661	X-25422 levels	GCST90200661
rs2169387	-0.134199	0.0244416	4.00599e-08	G	A	0.90217	8	9323885	30.1466663630991	ebi-met1400-GCST90200661	X-25422 levels	GCST90200661
rs2894138	0.091346	0.0166398	4.02822e-08	C	T	0.739856	7	97881111	30.1358097189062	ebi-met1400-GCST90200661	X-25422 levels	GCST90200661
rs2126263	-0.133884	0.0244064	4.12055e-08	A	G	0.901684	8	9324101	30.0919207114323	ebi-met1400-GCST90200661	X-25422 levels	GCST90200661
rs17345286	0.0902671	0.0164642	4.1902e-08	T	C	0.738078	7	97860710	30.0592204973599	ebi-met1400-GCST90200661	X-25422 levels	GCST90200661
rs369316813	1.45616	0.265889	4.33637e-08	A	G	0.00073144	11	79082705	29.9928304692635	ebi-met1400-GCST90200661	X-25422 levels	GCST90200661
rs67873970	0.150354	0.0274558	4.34537e-08	A	G	0.0752582	7	97620663	29.988985059171	ebi-met1400-GCST90200661	X-25422 levels	GCST90200661
rs1047891	0.0853351	0.0156234	4.70748e-08	A	C	0.308919	2	210675783	29.8335063693504	ebi-met1400-GCST90200661	X-25422 levels	GCST90200661
